0	228.804	1938.86
3.700664243509	1356.56	4265.16
16.405908512882	226.385	1937.94
18.640045377133	-335.62	-1649.01
20.451370703329	-468.87	-1330.95
1477.952632003698	-468.479	-1326.25
1479.087649505182	-570.422	-1106.66
1480.314728392276	-538.242	-1122.9
1481.543403799542	-507.735	-1173.7
1485.029713093764	-488.756	-1061.31
1493.839152322119	-492.378	-1055.39
1571.846771898573	-575.054	-1031.68
1572.917852177831	111.063	-2591.85
1575.766386213822	1542.43	4167.47
2826.167307167345	1354.26	4877.99
2827.407721693524	-518.26	-1114.92
2828.962516651699	1544.52	4954.79
2830.136424396713	-521.208	-1041.26
2835.224670492906	-591.189	-1050.93
2837.41411406526	-623.227	-1130.65
2839.614493230312	-335.62	-1649.01
2841.689529167897	-546.792	-1167.7
2842.827185340201	-521.248	-1138.64
2843.857570363863	-586.088	-1031.66
2846.170015534034	227.583	1931.35
2847.881601323089	-468.633	-1325.44
2906.106629952875	-469.443	-1327.22
2907.764211058418	229.109	1935.16
2909.356086657343	1545.23	4947.9
2913.589222415801	1510.37	3897.93
2917.626018437306	-468.958	-1335.08
2919.663924301279	-469.736	-1333.29
2921.249935104984	-335.62	-1649.01
2923.180016203402	229.407	1942.49
2924.210238142559	1510.37	3897.93
2981.670722194696	1339.44	4885.69
2982.761259761766	-469.548	-1331.09
3633.405455634993	226.141	1931.47
3634.532076742132	1510.37	3897.93
3639.735102240338	1543.47	4171.86
3651.102871738957	1542.16	4173.28
3652.240940142741	110.917	-2592.46
3657.685011981524	1510.37	3897.93
3659.128882633619	1356.56	4265.16
3661.308816994932	1544.12	4953.58
3663.359983599481	110.79	-2592.59
3665.146246621347	1324.28	4862.85
3667.38989269664	1314.14	4896.86
3673.57649819625	1543.83	4954.45
3675.899859860835	-470.426	-1325.75
3676.978660483499	1510.37	3897.93
3678.128614894956	-335.62	-1649.01
3679.431526412522	1544.38	4956.88
3795.029733222582	1543.21	4955.32
3820.185063389675	-335.62	-1649.01
4975.57610969424	1539.53	4166.8
5006.107307137694	1544.11	4211.27
5008.720787410115	-335.62	-1649.01
5009.938568915029	224.469	1936.7
5011.267526194102	1531.14	4185.37
5015.850824514674	1510.37	3897.93
5017.770333501833	-335.62	-1649.01
5019.881362878123	1536.25	4201.47
5035.246009786888	1531.14	4182.84
5036.947332576889	1544.04	4217.66
5039.093597635279	1531.17	4190.75
5040.364451713044	1544.13	4228.41
5043.916637209294	1531.1	4159
5051.648108006634	1544.07	4182.39
5052.899191970851	1510.37	3897.93
5054.399307367761	1307.7	4887.67
5055.530061075242	1536.45	4220.01
5061.600044161669	1510.37	3897.93
5062.958049310997	-335.62	-1649.01
5064.040018908651	227.833	1938.99
5066.152184919847	225.897	1938.98
5155.796203567438	1343.68	4867.58
5157.758962100656	-469.267	-1329.29
5160.736389503572	110.692	-2591.62
5161.971075339721	1510.37	3897.93
5170.732386661976	226.618	1939.31
5171.747538559797	1543.79	4948.34
5172.841255104944	227.471	1934.06
5176.04082199075	111.158	-2591.2
5177.665179109118	-335.62	-1649.01
5178.889534520624	1543.36	4951.1
5180.170437637874	1317.53	4895.92
5182.415985555375	-563.004	-1083.07
5183.512974969151	-623.195	-1181.18
5184.825065914174	1356.56	4265.16
5249.739859598389	1309.97	4893.74
5251.089476786694	1342.84	4871.3
5258.410667191709	110.837	-2592.31
5260.337864987056	3435.36	5857.32
5262.12326314286	1356.56	4265.16
5263.408233029733	1543.22	4951.52
5266.887222745952	1325.23	4887.58
5267.934616822683	-470.455	-1328.07
5271.275824198196	1358.12	4858.41
5272.584993416061	110.733	-2590.95
5273.724779451011	1510.37	3897.93
5277.399997412982	-615.951	-1120.29
5289.910363095688	-536.115	-1205.3
5292.100757589146	-499.814	-1093.58
5298.661234945473	-488.789	-1054.09
5299.738040287588	-623.24	-1155.44
5300.782055067261	1534	4192.68
5331.410995552103	-335.62	-1649.01
5382.291570400467	1510.37	3897.93
5383.35305557355	3435.36	5857.32
5385.015137993485	225.614	1938.64
5459.582306970519	224.387	1929.79
5461.179290616895	-335.62	-1649.01
5472.559988827696	1356.56	4265.16
5473.77012309196	1337.56	4871.07
5474.917397998797	3435.36	5857.32
5481.32456830591	1356.56	4265.16
5482.792821478376	-592.668	-1036.82
5486.282267734599	-622.583	-1100.96
5487.889278288932	-622.871	-1090.44
5489.882628728262	-562.729	-1054.72
5497.72765927705	-623.24	-1147.75
5499.500372730611	-574.439	-1129.68
5553.425910950606	-591.121	-1122.39
5554.695383246242	-335.62	-1649.01
5556.364539160221	-470.179	-1329.3
5570.810988355277	-468.451	-1336.58
5573.715366485753	1356.56	4265.16
5576.479560269045	-532.177	-1126.52
5578.77711931047	228.122	1941.27
5580.047760806369	-561.916	-1167.64
5618.876788653586	1356.56	4265.16
5620.257367657082	3435.36	5857.32
5637.137951825193	1356.56	4265.16
5638.617869055243	-335.62	-1649.01
5639.749344327863	110.7	-2590.71
5640.82270915621	-468.67	-1327.17
5641.888363631381	1510.37	3897.93
5643.069363246126	-517.156	-1167.88
5644.287614315797	-488.783	-1124.34
5645.887435766312	-488.824	-1051.11
5647.072186902795	-506.393	-1196.47
5655.886001395341	-335.62	-1649.01
5668.526286135825	-619.809	-1123.38
5669.823934775055	-623.219	-1149.34
5682.358660281094	-602.625	-1074.12
5684.357946114457	-623.22	-1150.1
5699.323376625957	1510.37	3897.93
5701.382120796549	3435.36	5857.32
5703.474206257731	1540.83	4223.92
5705.049055031822	1510.37	3897.93
5706.080427948063	3435.36	5857.32
5707.11235051054	-510.202	-1107.11
5708.733063707733	-488.773	-1055.34
5710.278998880049	-558.062	-1031.72
5711.944510872854	-623.215	-1086.67
5713.373652460204	-602.245	-1051.23
5714.456150220356	-617.591	-1050.08
5891.858085092361	-468.552	-1328.07
5892.91358154067	1540.85	4214.8
5894.5705196013	1356.56	4265.16
5897.535513085503	227.437	1939.08
5898.758835454544	229.618	1940.74
5904.174040722365	3435.36	5857.32
5905.455900726585	1510.37	3897.93
5906.573213826866	224.412	1941.7
5907.816915306341	1543.93	4217.78
5943.939072319969	1510.37	3897.93
5945.179768585002	-545.176	-1120.97
5953.91045305792	1538.99	4224.9
5955.102631419653	1531.09	4196.9
5956.283326007743	1315.58	4877.2
5957.414079715224	1340.46	4857.78
5958.942612936231	-527	-1041.83
5966.930508978775	-494.311	-1144.18
5968.234377383311	-579.503	-1136.75
5969.298375560392	1510.37	3897.93
5972.156409612151	1533.62	4222.75
5986.363328968849	110.724	-2590.48
6056.534366624401	1545.25	4955.41
6067.940922259564	-556.349	-1074.44
6069.199765461894	-510.334	-1073.27
6072.257236216526	-566.992	-1141.3
6075.878434876805	-576.799	-1061.57
6077.018152206509	-503.321	-1205.28
6079.010183669388	-590.334	-1150.44
6080.401239104278	-469.926	-1326.88
6081.952439510544	-593.085	-1184.35
6083.057065617788	-488.765	-1078.37
6084.402054965528	-590.506	-1031.73
6087.018532909798	1356.56	4265.16
6088.100678561618	1361.58	4891.5
6089.544052728384	1535.43	4184.55
6090.607879564284	1544.02	4950.42
6097.826675426061	3435.36	5857.32
6099.626724576717	1544.7	4957.21
6106.936925328366	111.02	-2591.47
6114.265442168958	1543.32	4956.48
6116.503382717625	1510.37	3897.93
6119.049115606252	-468.955	-1331.63
6135.577797997684	1536.03	4223.66
6136.616920925855	1543.7	4950.09
6138.059964102402	226.869	1930.1
6139.656191001007	-561.579	-1159.78
6537.548386242322	-488.794	-1054.55
6556.566447868781	-541.395	-1062.74
6557.990871558642	-561.479	-1107.81
6562.428622414427	-623.256	-1202.66
6563.520823742616	-575.196	-1205.2
6566.426756112931	-335.62	-1649.01
7298.49441527697	3435.36	5857.32
7300.317330005806	1544.64	4954.15
7303.073095543737	1541.23	4222.62
7304.346819476695	1531.12	4172.7
7305.971176595063	3435.36	5857.32
7307.059190719086	111.105	-2592.06
7308.144211922285	1544.82	4949.33
7309.65589865327	1356.56	4265.16
7310.937997879233	-560.102	-1191.94
7313.155493624161	-488.762	-1092.12
7314.461608309087	-335.62	-1649.01
7315.64398054378	1343.79	4865.16
7316.659147090846	110.782	-2590.91
7357.443264443803	-551.132	-1177.54
7399.509471637447	-496.84	-1108.6
7400.869212226987	-515.504	-1149.18
7401.9500081302	-527.166	-1165.12
7403.158343173143	1543.99	4950.67
7404.580514927213	1312.54	4864.55
7405.595744649151	1367.91	4899.44
7410.10141765517	224.848	1936.58
7421.676046548692	1356.56	4265.16
7423.082454752224	1542.53	4213.02
7425.144608827536	1538.46	4216.01
7506.879383220029	1356.56	4265.16
7511.092557218643	1510.37	3897.93
7513.565411230324	1539.38	4158.63
7514.747325925034	3435.36	5857.32
7515.902418796981	1543.6	4180.57
7517.935338529865	-543.759	-1117.88
7519.446507141414	1356.56	4265.16
8715.216750171787	1339.03	4884.34
8716.373938361697	1542.94	4168.82
8719.029969662859	1543.35	4948.93
8728.620143386605	229.356	1934.65
8730.897547161096	1356.56	4265.16
8754.100639640835	1510.37	3897.93
8760.697189244036	-335.62	-1649.01
8762.940835319329	-469.725	-1332.38
8780.147254465847	-509.539	-1173.13
8781.244304488302	-606.199	-1104.07
8784.359282116983	-613.738	-1105.82
8786.394180314545	-545.006	-1138.54
8805.438308739277	-552.936	-1155.46
8808.74276130417	224.881	1941.91
8811.346649026673	1543.27	4952.01
8812.862826126105	3435.36	5857.32
8816.203137042823	110.493	-2591.5
8817.535680077954	-470.417	-1328.92
8838.428518777651	-335.62	-1649.01
8842.333660208567	1535.99	4166.74
8848.004223604133	-491.206	-1185.25
8858.848380259405	-582.5	-1031.68
8860.081939140139	-623.194	-1179.23
8861.362722646517	-488.774	-1031.66
8879.325078942938	-504.99	-1031.65
8881.348106352434	-497.116	-1032.13
9048.812679815484	-470.215	-1332.94
9054.063530064529	226.942	1940.08
9056.223055863495	1304.23	4873.47
9057.601015759143	1534.84	4219.08
9059.687418045793	3435.36	5857.32
9061.585804579136	229.238	1938.2
9081.151268969319	1356.56	4265.16
9083.860679157766	-468.804	-1333.21
9084.875730342023	1510.37	3897.93
9100.709456517574	1324.54	4893.21
9101.813961407462	-468.984	-1336.06
9107.949861510036	-335.62	-1649.01
10747.891268524297	1365.83	4874.06
10749.278472329998	1356.56	4265.16
10750.392577251338	1316.78	4868.05
10790.802751734095	1545.19	4952.38
10802.972101387961	3435.36	5857.32
10804.083690090524	1544.71	4956.83
10811.382901188807	1356.56	4265.16
10812.497320637494	-469.763	-1332.18
10813.72458735049	1510.37	3897.93
10817.813776525393	3435.36	5857.32
10818.843128680525	-335.62	-1649.01
10833.239675825923	3435.36	5857.32
10834.552297994066	1356.56	4265.16
10998.23120996799	-576.341	-1042.03
11000.002193689427	-576.332	-1043.97
11001.388164973788	-623.178	-1172.99
11006.918836525459	-611.322	-1205.27
11008.213136060293	-554.309	-1128
11018.285050051516	-520.745	-1134.85
11019.344513867978	1330.58	4888.03
11026.771937588863	1543.78	4953.65
11027.984299460477	3435.36	5857.32
11064.783174182502	1544.44	4951.22
11187.369047036303	-468.649	-1325.25
11188.533315955878	1337.06	4858.53
11191.423242917716	-335.62	-1649.01
11192.598447026014	1356.56	4265.16
11201.184747780632	225.792	1942.32
11208.780679519794	-569.22	-1036.85
11209.922664122638	3435.36	5857.32
11211.189372854014	-335.62	-1649.01
11212.216985441097	-522.287	-1200.69
11213.425748870069	-335.62	-1649.01
11214.51399773298	1356.56	4265.16
11217.744940676633	-335.62	-1649.01
11218.93138715801	1543.9	4952.61
11257.867265169711	1510.37	3897.93
11259.764371860414	228.1	1941.91
11266.880963022715	3435.36	5857.32
11270.193483716769	1510.37	3897.93
11271.642153727039	-585.231	-1179.55
11294.547713522984	-488.78	-1120.77
11296.408664659086	-610.773	-1031.66
11297.454383342091	-623.255	-1125.29
11311.198980073688	-524.026	-1205.22
11312.332948025879	-565.301	-1077.22
11313.816922319436	-551.356	-1076.53
11345.154499854344	-469.429	-1336.31
11346.261748079517	1356.56	4265.16
11358.747753938889	-470.511	-1334.78
11363.012828513097	-335.62	-1649.01
11364.53674488988	1346.88	4866.69
11969.380242662018	1543.77	4953.29
11970.571855908787	-525.845	-1088.61
11972.221720475373	-492.076	-1099.85
11973.740842436999	110.934	-2592.17
11974.764921526482	227.46	1942.27
11975.832517868379	1300.93	4896.9
11999.490660335095	1299.8	4872.05
12003.128262054792	-469.098	-1326.98
12004.74233045455	224.516	1933.8
12006.670809717929	1356.56	4265.16
12011.79540262476	1325.9	4879.98
12012.868767453107	1361.8	4857.77
12013.998406014464	1367.92	4894.15
12015.351927943245	-512.032	-1165.75
12017.801245232864	-573.721	-1126.76
12020.816751511839	229.028	1941.14
12620.571282828301	227.363	1942.58
12621.825236647711	225.71	1941.05
12628.722388308195	1545.25	4951.49
12631.747997146124	1356.56	4265.16
12632.86474409718	-606.994	-1111.29
12635.296033259261	-565.013	-1133.25
12643.716073974624	-595.363	-1198.48
12651.53912521668	-572.616	-1205.25
13678.666840745143	-600.52	-1087.78
13679.932380276256	-553.074	-1097.37
13681.119553334017	-520.787	-1088.43
13684.365736077195	1543.38	4947.65
13686.355459331283	-335.62	-1649.01
13687.857474499459	229.13	1933.34
13700.513999122165	1356.56	4265.16
13701.999156725912	225.13	1931.49
13703.798579422371	229.566	1941.75
13705.321963086358	-470.399	-1329.21
13706.541247198493	1510.37	3897.93
13707.764193915729	110.524	-2591.7
13716.26736465072	1545.09	4952.22
13720.920202315578	1510.37	3897.93
13723.878978840424	-582.305	-1114.48
13725.509552059618	-588.7	-1101.02
13727.128764818681	110.899	-2591.86
13729.633168053552	224.39	1934.38
13730.755918947673	1345.04	4865.18
13731.896941677063	-335.62	-1649.01
13733.345777182443	1356.56	4265.16
13782.516898909892	-469.21	-1333.24
13783.952329311403	1356.56	4265.16
13785.16954733861	-577.862	-1102.49
13788.858041621383	-617.825	-1084.22
13795.118169946696	-488.772	-1033.89
15176.157668542537	-507.725	-1046.38
15185.220873093965	-531.946	-1031.7
15186.237069765724	1543.88	4954.12
15189.021139409003	227.83	1940.27
15190.271585627622	-468.427	-1336.16
16625.941762146614	1510.37	3897.93
16627.088075179998	1543.82	4177.33
16792.659817898485	1356.56	4265.16
16793.698501109667	1510.37	3897.93
16799.038209191893	1543.28	4955.25
16801.112108494571	3435.36	5857.32
16806.842625537521	-519.262	-1054.04
16825.534852185574	-563.414	-1031.72
16945.325658621879	-561.54	-1032.22
16963.84845108116	-623.216	-1145.46
16999.899374651799	-568.41	-1095.7
17004.043347882953	1544.41	4953.35
17007.293116461314	1510.37	3897.93
17014.130147710342	1356.56	4265.16
17015.911798113211	-469.75	-1327.37
17020.34631458089	1544.62	4955.25
17021.37311174545	1510.37	3897.93
17040.664874753771	1544.22	4948.21
17042.224210198569	225.634	1934.44
17046.567801028164	3435.36	5857.32
17054.625298208691	1544.16	4950.1
17055.694550848678	-554.87	-1125.93
17056.882692674949	1306.59	4875.86
17058.453757710188	110.82	-2592.41
17081.254305970677	-591.612	-1135.18
17086.791639038724	1543.42	4954.27
17098.708878805053	1356.56	4265.16
17100.309267816395	-470.516	-1331.88
17101.848810435169	224.731	1938.15
17105.316297957383	228.968	1929.39
17107.546155676665	1356.56	4265.16
17108.655605593268	-335.62	-1649.01
17111.153498670973	1541.2	4188.12
17119.862306822937	-335.62	-1649.01
17122.806318069311	226.465	1939.15
17124.142919456028	-611.795	-1100.01
17240.739364272337	-542.361	-1205.29
17247.913069825522	-488.75	-1148.12
17249.009816804585	-488.821	-1054.47
17250.069057107348	-497.018	-1031.67
17251.084601441088	-623.229	-1082.73
17271.137347857134	1545.01	4954.38
17272.182132141537	110.855	-2592.68
17273.212735553047	-469.442	-1325.27
17274.312876618096	1324	4865.87
17326.101598436947	1327.31	4866.27
17347.50199289135	-509.886	-1071.47
17357.656786928591	-513.035	-1088.28
17358.672009325906	-553.544	-1046.85
17361.81061701361	-564.417	-1058.94
17364.009569797006	-491.142	-1205.27
17365.326840167446	-501.83	-1176.91
17370.355783572599	-488.772	-1161.51
17371.435757889704	-564.25	-1179.52
17375.060093511984	-488.749	-1035.55
17376.286233269565	3435.36	5857.32
17377.353372701644	-335.62	-1649.01
17378.538769683801	1544.98	4949.59
17398.696527635303	3435.36	5857.32
17532.46266615909	1537.04	4225.56
17533.752779313429	1538.74	4224.28
17547.180698341692	1533.01	4234.49
17548.342077167526	1531.18	4170.66
17549.825037195206	1510.37	3897.93
17554.283811573683	-335.62	-1649.01
17555.636755022394	-469.733	-1327.72
17564.730586423159	3435.36	5857.32
17675.337603201974	1545.01	4951.36
17676.648631700757	1510.37	3897.93
17682.830166660664	1356.56	4265.16
17686.944862644046	-536.849	-1118.29
17688.06293060996	-618.302	-1038.25
17689.143198350675	-623.232	-1138.51
17690.843770189525	-623.239	-1195.8
17692.21310243579	-561.851	-1205.26
17795.233510367115	1543.58	4952.44
17797.618897568144	-610.146	-1157.14
17799.447137157652	-623.227	-1183.22
17801.16523119001	-545.853	-1205.21
17803.073856464479	-511.232	-1173.76
17810.373067562762	-517.854	-1168.66
17811.895918513954	-500.427	-1141.26
17813.033986917738	-498.439	-1122.63
17814.119536283436	-548.867	-1031.7
17817.338825262746	-623.214	-1092.4
17819.28876911565	-488.76	-1035.33
17820.791302403262	-489.029	-1048.83
17822.308343035088	-557.46	-1031.7
17833.268858099993	-623.251	-1095.23
17834.400267775782	-623.253	-1195.36
18179.706476308447	-534.698	-1205.23
18180.951289107614	-488.757	-1089.93
18235.037088557695	1545.04	4954.43
18236.182164896639	1510.37	3897.93
18237.546533326743	-582.849	-1065.91
18239.715056634805	-553.729	-1114.2
18241.754478011987	-605.555	-1130.86
18244.108604342648	1356.56	4265.16
18245.195503456952	-335.62	-1649.01
18253.062513312471	-470.56	-1331.57
18254.9714585476	3435.36	5857.32
18257.359822974378	1356.56	4265.16
18259.236132222169	-469.844	-1328.71
18269.731213648543	1356.56	4265.16
18272.211078598711	1325.46	4875.02
18273.373179947981	1347.41	4858.07
19502.396879105489	1544.62	4955.53
19514.385226788816	3435.36	5857.32
19638.967575655115	1540.82	4169.48
19640.909510332823	1510.37	3897.93
19642.184084593245	3435.36	5857.32
19643.771608892491	-564.364	-1058.7
19645.634479792555	-557.264	-1050.22
19646.653829431403	-533.695	-1053.95
19657.91170487648	-335.62	-1649.01
19659.137562895207	1510.37	3897.93
19661.273598239439	1534.3	4180.25
19740.905875043398	110.766	-2591.72
19743.207403719155	1356.56	4265.16
19744.451685063657	-335.62	-1649.01
20015.548741791531	1539.05	4232.66
20022.569140295501	111.132	-2591.79
20033.691264262673	1510.37	3897.93
20047.102943408714	110.487	-2592.59
20048.392578119568	1356.56	4265.16
20049.906855447734	1510.37	3897.93
20700.551051320961	-561.974	-1039.58
20702.344522702551	-619.528	-1031.66
20704.583414172323	-623.248	-1164.75
20709.530099006033	1510.37	3897.93
20714.93420174656	225.881	1935.43
20743.241744998428	1356.56	4265.16
20744.348993223601	3435.36	5857.32
20786.308359597188	-468.97	-1332.25
20788.396277397046	-557.656	-1087.55
21286.371479599992	-546.86	-1073.69
21287.669128239222	-501.105	-1073.54
21289.172697765707	-560.361	-1031.72
21295.745199204325	-613.16	-1031.67
21297.033278973852	-623.242	-1165.47
21298.756129030162	-335.62	-1649.01
21401.177594157737	1544.44	4949.52
21404.296457386015	1545.25	4956.71
21406.406350127398	1533.16	4168.79
23117.605163128377	1544.09	4188.39
23119.530118354669	1510.37	3897.93
23124.967528677076	1356.56	4265.16
23126.956592442938	110.522	-2591.6
23129.159824371303	1544.26	4947.78
23131.57558931245	1531.5	4212.31
23134.153697057049	1531.08	4167.42
23135.269122993247	3435.36	5857.32
23277.620108370774	1537.25	4199.11
23278.805263160804	1356.56	4265.16
23282.250791949008	-469.764	-1331.61
23286.190862148856	-503.66	-1143.27
23913.086547895595	-488.755	-1098.25
23914.213169002734	-494.313	-1167.64
25584.276108088614	-591.241	-1031.66
25585.719813245599	-623.189	-1163.54
25600.685243757099	1510.37	3897.93
25601.731129116363	1356.56	4265.16
25622.063906293626	-606.084	-1180.93
25625.237475874359	-560.999	-1205.29
25629.330695291831	1356.56	4265.16
25661.748713270022	-335.62	-1649.01
25662.897293576546	229.429	1935.69
25675.805536373697	1543.7	4949.92
25677.708082395623	1356.56	4265.16
25678.795509672426	-469.047	-1334.41
25679.841786180663	228.621	1933.69
25681.043352724349	3435.36	5857.32
25707.05393450359	-335.62	-1649.01
25708.858055606524	1302.92	4889.06
25711.537264582428	1299.78	4860.6
25712.691056912192	-335.62	-1649.01
25713.781653163984	1541.46	4175.41
25715.33720486993	1539.94	4171.91
25717.120296716235	1510.37	3897.93
25798.472798819904	1356.56	4265.16
26037.391732890206	-470.466	-1331.38
26038.634401327217	-335.62	-1649.01
26039.878196719643	3435.36	5857.32
27192.893996157976	-497.794	-1054.78
27307.693612563037	-611.233	-1172.19
27308.858893015422	-469.672	-1332.92
27312.412124165672	1535.62	4210.92
27321.527831887391	1531.14	4177.02
27337.639445506462	1536.5	4198.71
27340.584233872756	1545.02	4953.27
27396.228924552976	1356.56	4265.16
27397.263595346634	-335.62	-1649.01
27405.534877079506	1545.08	4948.99
27423.536333573336	-611.506	-1035.04
27425.121020068443	-623.169	-1062.75
28024.875551384905	-623.236	-1197.09
28025.901206957932	1510.37	3897.93
28033.038840264243	-335.62	-1649.01
28034.254180032423	229.333	1933.54
28037.324861825688	-558.021	-1107.25
28185.066332436959	1356.56	4265.16
28196.188456404131	1540.55	4213.6
28197.961169857692	1531.12	4191.43
28199.128112113978	1544.08	4211.72
28201.89581766617	1531.17	4176.33
28203.016087323514	1510.37	3897.93
28206.377913251327	226.15	1929.93
28209.012976761062	1510.37	3897.93
28210.037708188563	1534.36	4220.5
28214.426943222753	1356.56	4265.16
28216.068662553774	3435.36	5857.32
28225.223747653212	1356.56	4265.16
28226.282764442276	3435.36	5857.32
28227.859694272736	1334.12	4871.02
28289.525173501942	-469.725	-1332.63
28290.543218464753	1540.29	4220.12
28292.475221765218	-335.62	-1649.01
28293.580150915854	1356.56	4265.16
29570.108787397841	-470.12	-1332.52
29571.309497169469	1510.37	3897.93
29572.354446347743	226.97	1941.17
29584.2522930458	1544.83	4953.77
29616.314143809045	-508.361	-1125.6
29622.661193704701	-604.127	-1031.7
29623.803796654765	-623.212	-1132.91
29628.291680526199	-561.317	-1205.25
29629.489510037579	1510.37	3897.93
29637.830795997505	1356.56	4265.16
29639.126291641051	3435.36	5857.32
29640.571320758912	-488.762	-1141.56
29641.59170326629	-488.803	-1039.53
29652.293644087567	1544.92	4950.3
29657.064536918308	1537.8	4202.63
29678.954985204841	1544.05	4227.71
29685.939311461937	1540.55	4234.54
31019.473872733299	1544.67	4954.82
31063.516635098001	228.045	1941.61
31066.298669023615	-469.217	-1326.27
31068.597716677914	3435.36	5857.32
31069.697130438823	110.707	-2592.61
31071.728731195255	3435.36	5857.32
31089.599853697722	1510.37	3897.93
31114.877362666551	-497.021	-1198.23
31116.010281069449	-488.744	-1032.03
31117.659931287731	229.086	1938.35
31158.283787410603	1356.56	4265.16
31160.242060805711	1510.37	3897.93
31161.308343531882	1356.56	4265.16
31162.391956301753	110.639	-2592.13
31164.93888825912	1339.48	4867.27
31168.543356455392	1543.77	4956.33
31177.08152930391	-620.443	-1199.68
31178.151353081169	-469.517	-1336.05
31179.396165880336	3435.36	5857.32
31181.241632960253	1534.16	4194.76
31182.374682556812	227.727	1940.51
31185.192680827834	1356.56	4265.16
31228.540977862165	1537.48	4208.85
31273.117944327154	3435.36	5857.32
31275.579280368464	1544.16	4950.92
31347.661679468138	1356.56	4265.16
31350.047066669167	1510.37	3897.93
31354.782381230738	-335.62	-1649.01
31356.140097140031	1544.28	4956.45
31787.958735419191	-562.357	-1150.3
31789.007749970237	-335.62	-1649.01
31790.203319021759	-469.169	-1334.24
31791.365275866341	1356.56	4265.16
31793.452057031293	1317.89	4860.54
31794.785131289544	110.82	-2590.62
31795.989610858227	-335.62	-1649.01
32214.237671922252	3435.36	5857.32
32229.113278744368	1540.41	4166.09
32230.923351162171	1544.05	4196.22
32232.036827028817	1531.17	4157.59
32233.357550349535	1544.13	4196.61
32234.444097355507	3435.36	5857.32
32235.579442841145	-549.265	-1203.33
32237.027781861196	1531.87	4163.02
32242.640612114837	1356.56	4265.16
32243.758239742465	224.522	1931.38
32245.807511955503	1356.56	4265.16
32269.887668667324	3435.36	5857.32
32270.958463377946	1544	4948.41
32272.699176787213	1538.43	4232.6
32273.785136945965	1510.37	3897.93
32279.528977021667	-469.497	-1327.45
32280.627118000331	3435.36	5857.32
33609.411185539245	1510.37	3897.93
33622.457467335285	-468.586	-1328.32
33624.216631220541	-335.62	-1649.01
33629.904958659776	1543.78	4165.9
33631.200932746808	1543.36	4956.5
33632.736923946948	-335.62	-1649.01
33660.84898111604	1510.37	3897.93
33662.264718767849	1543.91	4953.03
33677.749130595794	-335.62	-1649.01
33681.013242514884	3435.36	5857.32
33682.445528509314	1542.61	4217.64
33689.018029947932	1338.87	4860.53
33690.040478192368	-558.012	-1129.2
33711.353363033891	-549.788	-1102.29
33728.794383364862	-531.754	-1116.18
33730.008877916481	-544.29	-1109.65
33733.585113454741	-532.223	-1064.22
33734.632898680445	-548.757	-1043.65
33863.008551970489	-612.192	-1031.66
33879.511167563648	-623.209	-1074.16
33887.162047569639	-623.207	-1177.66
33890.476361181284	-623.181	-1202.92
33892.234371911791	-610.59	-1205.25
33893.268548023836	-618.838	-1102.91
33894.63479896675	1322.38	4859.21
35111.782263793138	3435.36	5857.32
35113.222824543043	1345.36	4894.2
36204.482205459553	3435.36	5857.32
36210.55218854598	1543.93	4957.68
36218.133467413987	1534.67	4203.59
36219.323627507989	-468.935	-1329.71
36220.936195469617	1510.37	3897.93
36222.213151428114	3435.36	5857.32
36230.602565294141	225.714	1933.09
36231.912398540905	3435.36	5857.32
36233.304686497135	-470.416	-1327.24
36249.742135094613	1356.56	4265.16
36252.733550656081	-579.284	-1086.57
36253.797777288071	-541.869	-1058.5
36258.274340801133	-623.224	-1114.63
36400.026383374911	-562.047	-1205.3
36401.55509416685	-488.825	-1053.09
36430.69345327052	-597.192	-1031.72
36434.91993510903	-623.164	-1184.43
36436.31813983218	-511.72	-1205.28
36437.690245251461	-490.396	-1091.45
36439.73610755978	-561.774	-1031.67
36441.86115543325	-562.26	-1033.55
36452.188163601266	-572.384	-1069.59
36500.077195488028	-557.096	-1192.89
36501.212278586343	-470.222	-1329.11
36584.380574061928	226.114	1932.93
36585.395796459243	1356.56	4265.16
36586.70111430949	1360.27	4893.13
36587.866756023592	110.524	-2591.25
36622.884794670888	1356.56	4265.16
36624.257208220504	226.229	1941.22
36625.34011677371	110.54	-2592.64
36628.199507970579	1542.07	4190.5
36629.468236229683	-470.035	-1325.68
36633.291706440614	-602.775	-1137.85
36637.820020163377	-615.607	-1136.74
36734.45170485471	-620.408	-1141.08
36742.421284808311	-490.102	-1205.23
36743.47080226518	-488.81	-1194.8
36744.699665498349	-488.83	-1104.52
36839.734169379684	-506.218	-1162.95
36840.823181143981	-595.058	-1031.69
36843.548043115589	-623.197	-1158.54
36844.590134133435	-488.763	-1052.61
36915.239012150017	-623.258	-1170.85
36920.787447745357	228.24	1941.9
36925.619793950119	1510.37	3897.93
36926.920313250259	1542.88	4208.38
36928.540597750844	3435.36	5857.32
36931.57164642821	1510.37	3897.93
36933.024784806436	1356.56	4265.16
36949.305832614278	1542.97	4209.16
36950.440981309423	-335.62	-1649.01
36951.546758981556	-469.365	-1328.95
36952.979210471096	1510.37	3897.93
36954.398165174035	110.761	-2592.36
36955.731372238066	-335.62	-1649.01
36996.088126310795	1356.56	4265.16
36998.234391369185	1510.37	3897.93
37001.756252899422	-513.593	-1086.38
37014.973053458796	-503.885	-1151.21
37018.88625537485	-488.814	-1081.66
37757.739203146457	-554.098	-1168.29
37759.28870087024	-490.707	-1205.21
37798.545129375392	111.052	-2592.61
37800.223172679733	1531.75	4157.25
37802.501527375328	1544.09	4177.96
38188.5194675534	-600.416	-1194.73
38189.600380826057	-584.963	-1205.3
38190.615456730916	-549.888	-1158.04
38191.714021970329	-490.117	-1202.56
38193.591931021421	-488.826	-1142.22
38194.853112624278	-488.81	-1088.15
38197.528107477502	-623.235	-1153.87
39642.525740672841	-566.959	-1171.78
39801.472575785358	1367.45	4857.73
39809.70224420195	1367.93	4884.09
39813.779342649146	-468.456	-1325.51
39814.985450084738	-335.62	-1649.01
39825.234885979666	1545.03	4949.39
39829.497298985895	111.02	-2592.26
39830.978061437509	-335.62	-1649.01
39832.594273320311	1510.37	3897.93
39837.933981402537	110.753	-2591.18
39845.544566012853	226.238	1930.5
39846.55960895691	-335.62	-1649.01
39847.645158322608	1310.09	4883.82
39870.83074887977	1538.73	4182.88
39872.237639640971	227.057	1942.38
39875.969281966352	1324.58	4867.57
39878.304056329643	1538.33	4230.52
39887.712929952725	1531.17	4214.33
39890.237865221736	1350.89	4898.64
39892.276149964012	111.037	-2592.41
41392.07799187106	1356.56	4265.16
41393.332051981403	-335.62	-1649.01
41395.41277109352	3435.36	5857.32
41396.570465049834	-489.201	-1105.69
41447.504460308227	1510.37	3897.93
41448.722711377898	225.66	1934.13
41449.93147480687	-335.62	-1649.01
41452.419853039486	1356.56	4265.16
41457.759561121712	1543.71	4952.51
41459.521607893842	3435.36	5857.32
41472.957646863216	-335.62	-1649.01
41475.158976949373	-559.587	-1165.73
41476.865306080376	-544.37	-1060.44
41480.90747575864	-549.336	-1070.21
41483.320236011864	-550.726	-1057.2
41488.944168792798	-623.237	-1181.22
41490.269274704253	-609.258	-1191.77
41678.081778671354	-575.593	-1166.56
41691.761415874062	-500.743	-1205.28
41693.254450305344	1543.59	4957.52
41697.455647248051	1356.56	4265.16
41698.470876054411	-469.558	-1332.68
41699.562895556565	1356.56	4265.16
41701.572733201543	-470.51	-1326.36
43405.64580560385	1539.7	4157.91
43412.696264313549	3435.36	5857.32
43422.66457824725	1545.01	4949.78
43475.201185806501	-335.62	-1649.01
43476.997789459075	1539.92	4214.78
43500.463410777455	1356.56	4265.16
43504.146373259894	1545.04	4954.04
43532.527223792804	1540.37	4159.84
43534.048831747474	1544	4953.98
43535.064020268408	3435.36	5857.32
43536.168464549618	1510.37	3897.93
43537.306326837662	1352.59	4891.67
44752.078544797826	-574.683	-1098.55
44753.457583149647	1545.26	4947.42
44754.817468359205	1356.56	4265.16
44764.070941896004	-469.168	-1325.24
44771.564303537084	225.684	1929.95
44797.501578035284	-335.62	-1649.01
44803.920772424688	3435.36	5857.32
44806.229247960527	-593.487	-1089.67
44807.343604503745	-611.521	-1076.72
45262.910752909392	-623.223	-1127.03
45371.72094127696	-508.056	-1205.27
45375.268944157208	-488.744	-1126.43
45384.86429788383	-621.999	-1149.87
45387.091778300352	3435.36	5857.32
45388.98024605323	-335.62	-1649.01
45390.004107696706	1510.37	3897.93
45392.754254404397	-536.292	-1069.65
45394.308481801745	-623.242	-1153.51
45395.406137910983	-532.405	-1205.25
46743.192180379689	-585.244	-1151.78
46745.865068171572	-488.739	-1032.65
46746.948915680331	-532.496	-1031.74
46751.183382222778	-623.187	-1197.97
46752.41825588483	-534.448	-1205.2
46756.056963964594	-488.797	-1147.26
46758.238324707563	-512.525	-1067.26
46759.649236782677	-335.62	-1649.01
46763.83180274953	1538.62	4186.04
46765.362466821718	1537.06	4184.9
46766.462607886767	1544.05	4223.37
46767.501181168702	1543.94	4954.84
46774.750037236208	1540.07	4165.69
46793.0251951119	1510.37	3897.93
46809.619044499013	-335.62	-1649.01
46811.013643432756	-523.762	-1051.43
46812.404390737311	-623.193	-1175.14
46813.505016671786	-610.855	-1178.57
46817.59151901831	-609.787	-1185.2
46820.721261925462	-519.219	-1205.23
47062.006234426468	-488.817	-1154.98
47066.743166182092	-530.67	-1031.67
47070.176147122291	1510.37	3897.93
47071.415622518957	1543.4	4192.19
47355.654233583512	110.585	-2591
47361.198228167935	1532.17	4228.88
47362.360257264861	1531.17	4179.68
47372.069571054757	-499.881	-1167.12
47373.323950037899	3435.36	5857.32
47385.014937341053	-469.641	-1326.28
47386.039288238043	-559.947	-1118.06
47388.622192257601	-596.949	-1127.57
47630.853580130889	-621.446	-1199.85
47631.958085020777	-590.829	-1205.27
47633.032020986397	-500.472	-1205.29
47659.213653088068	-514.454	-1184.68
47662.262575523585	1543.83	4954.23
47668.210865657125	3435.36	5857.32
47669.680978317032	-335.62	-1649.01
47670.897726779482	1342.05	4885.22
47678.347129807099	1342.81	4876.51
47679.536966978264	-335.62	-1649.01
47718.508461711459	1510.37	3897.93
47719.549178613715	-468.747	-1332.28
47724.357266907679	111.036	-2591.58
47725.606225053235	1356.56	4265.16
47726.713095845591	1544	4947.53
47754.165387485311	-596.33	-1183.99
47764.453609516783	-560.847	-1192.17
47765.538806774149	-562.368	-1195.1
48273.691941888446	-598.093	-1092.69
48274.84217112089	-507.464	-1205.24
48277.135760527982	-521.435	-1072.42
48293.846910507321	-578.194	-1031.69
48298.11065429754	-569.959	-1093.46
48308.980668377175	-623.21	-1184.29
48310.493391347032	-547.885	-1205.25
48316.725631703975	-544.07	-1203.73
48318.222120264832	-488.765	-1164.53
48319.332639574415	-488.775	-1162.59
48320.690933963778	-584.133	-1031.69
48321.823261995198	-623.261	-1101.79
48329.752546553124	-613.989	-1096.67
48331.362584098539	-543.118	-1205.26
48337.095321646947	-488.794	-1112.76
48339.717794934915	1356.56	4265.16
48345.551997925124	111.083	-2592.38
48360.477506796898	1545.21	4950.39
48361.610294006134	1536.36	4215.08
48362.625492598425	1544.11	4217.15
48364.564543973062	-496.242	-1081.73
48510.509186173085	-552.536	-1108.15
50148.075346321122	3435.36	5857.32
50165.985569020998	1510.37	3897.93
50177.922201855599	-554.319	-1091.2
50181.03640236436	-589.011	-1082.54
50186.329338394143	-568.369	-1095.91
50195.966132143774	-537.161	-1109.38
50197.060757819096	-619.606	-1031.72
50201.37374061693	-335.62	-1649.01
50207.190857372767	-468.913	-1335.04
50208.339300268797	-335.62	-1649.01
50209.584219358897	1545.09	4952.56
50268.478224494126	1510.37	3897.93
50269.662329784935	1541.99	4199.69
50271.07179418704	1531.1	4164.95
50276.272906695213	1544.09	4228.64
50283.494708577563	1356.56	4265.16
50284.630316450524	-335.62	-1649.01
50287.043076703748	-550.894	-1040.44
50303.98882786754	-556.098	-1031.65
50324.129083896466	1543.76	4950.45
50326.227610288785	3435.36	5857.32
50339.801688257048	1356.56	4265.16
50341.924083982403	-335.62	-1649.01
50343.024770525557	1353.33	4866.12
50344.77124970857	1510.37	3897.93
50348.740875020591	-469.313	-1329
50350.245826198906	3435.36	5857.32
50351.495634671927	-470.233	-1331
51426.128287524869	3435.36	5857.32
51475.299409252318	1531.84	4172.11
51476.474918387271	-335.62	-1649.01
51483.810761663441	1345.26	4877.54
51486.747001710619	1342.5	4884.86
51515.983103855677	226.902	1936.42
51517.253957933442	1316.67	4873.74
51520.808234737692	1510.37	3897.93
51522.28865910068	1356.56	4265.16
51524.846382676704	1510.37	3897.93
51527.454467139796	1532.72	4171.63
51570.589082534012	1309.97	4859.52
51577.678619511158	1510.37	3897.93
51578.839998336992	3435.36	5857.32
51579.916979733273	1307.6	4897.53
52474.754976307267	111.038	-2590.88
52476.9168431676	1537.42	4233.02
52483.807982786939	1535.76	4231.98
52518.078070282848	1531.1	4213.13
52519.171847436673	227.472	1931.99
52520.230361319915	1531.09	4203.43
52521.653015631654	3435.36	5857.32
52523.225594162434	-470.298	-1327.26
52542.543423969027	1356.56	4265.16
52543.677982292695	1532.27	4225.26
53891.464024761401	-607.155	-1076.52
53894.69765708144	-599.875	-1132.61
53896.110499387232	-602.682	-1114.16
53897.814075030684	1356.56	4265.16
53899.57323891594	1540.91	4189.94
53976.720745842539	1544.12	4229.75
53984.653693618253	1545.25	4948.18
53985.989716524899	1356.56	4265.16
53987.801668305292	-526.731	-1067.84
53989.28090935809	-623.189	-1168.1
53998.221606512172	-550.325	-1205.25
54003.721190987422	-488.779	-1064.27
54005.991938314184	-623.239	-1175.54
54007.218641549472	-582.96	-1193.04
54011.910291871607	-534.197	-1205.22
54012.925343055864	-553.501	-1201.48
54016.998411260491	-608.658	-1064.52
54018.180249698537	-539.919	-1205.28
55254.329689454717	1510.37	3897.93
55255.496920720377	3435.36	5857.32
55256.58810381939	-335.62	-1649.01
55258.3109538757	226.197	1930.32
55261.143880742929	1541.58	4168.07
55273.654246425635	1357.54	4872.35
55406.222499341924	-470.29	-1331.21
55408.166996955695	1531.86	4216.01
55409.203976263545	1531.09	4174.37
55514.021212606118	225.07	1941.57
55515.08995122256	3435.36	5857.32
55748.330393059174	-620.551	-1197.93
55749.715748082864	-488.753	-1055.45
55776.019558986271	-523.798	-1051.4
55786.132913000503	-613.327	-1078.55
55787.209894396784	-335.62	-1649.01
55799.93949848949	3435.36	5857.32
55800.962381625939	-469.3	-1327.29
55802.417671440589	1510.37	3897.93
55803.576954948461	-335.62	-1649.01
55804.812204262318	110.662	-2590.75
55809.203056490561	1510.37	3897.93
55810.46880860354	1541.11	4187.32
55811.525534377192	1356.56	4265.16
55813.523501234104	1361.05	4867.79
55855.322606377605	227.457	1929.75
55856.578686015676	111.179	-2592
55857.834127908148	1544.73	4951.71
55858.962388936058	1535.95	4167.68
55866.272589687707	1544.11	4204.43
55880.609254373516	-539.51	-1188.15
55883.377662279488	-335.62	-1649.01
55902.239323116312	111.056	-2590.61
55964.287074634343	1356.56	4265.16
55966.061517820028	-335.62	-1649.01
56020.254158090166	1313.34	4875.74
56022.038979668595	1510.37	3897.93
56657.416276174794	1540.01	4217.1
56733.512534307126	-469.744	-1334.87
56734.671890067341	229	1934.48
56736.535720849385	1356.56	4265.16
56742.84970451874	3435.36	5857.32
56866.63346298004	-335.62	-1649.01
56870.780097779173	228.214	1939.36
56871.812679917133	1356.56	4265.16
56873.003889510356	1510.37	3897.93
56895.454399319323	1535.09	4182.26
56896.828045390279	1356.56	4265.16
56899.793815994401	110.673	-2592.58
56901.865442027266	-537.385	-1111.35
56903.114612754688	1544.59	4957.22
56904.191476781525	1533.5	4230.72
56906.464601411047	1531.09	4190.15
56907.716429411796	1544.05	4232.88
56908.985051379967	-562.482	-1041.09
56910.866799958981	-623.216	-1160.81
56911.882036089964	-617.176	-1179.46
57372.538150951287	-523.315	-1101.57
57373.735011694156	-488.778	-1068.83
57374.962935797811	-595.947	-1031.73
57377.396728866495	-583.123	-1072.09
57380.664426620768	1544.87	4955.78
57384.599123163857	-468.463	-1333.81
57385.65920164299	1510.37	3897.93
57409.763794115158	110.907	-2591.16
57410.779044895386	1356.56	4265.16
57420.949378941255	-335.62	-1649.01
57423.856865551409	1356.56	4265.16
57428.540429903278	1510.37	3897.93
57429.896554992377	1544.19	4953.06
57434.135013886793	1539.54	4187.76
57436.58282883245	1544.99	4948.24
57444.215392749498	229.363	1940.66
57445.348245555565	-335.62	-1649.01
57446.363319629268	1356.56	4265.16
57447.635130325431	225.528	1937.17
57452.236217780588	224.375	1934.55
57453.852644011694	110.751	-2591.71
57455.252296407852	-470.286	-1326.81
58610.643342712417	110.485	-2592.61
58614.143245508644	-470.044	-1332.59
58618.277903251871	229.223	1940.02
58621.571598311217	110.786	-2591.51
58623.969390619535	1510.37	3897.93
58625.113367674532	226.304	1930.91
58632.515148870897	1534.31	4210.84
58633.540913166927	1544.07	4228.35
58635.76411443848	226.573	1930.78
58637.287498102467	1510.37	3897.93
58638.395689909681	1542.17	4199.49
58639.632347917808	110.699	-2592.12
58641.568836356383	-567.305	-1060.99
58643.044020345674	-561.039	-1070.37
58644.319780195458	-468.557	-1332.96
58645.430928559735	1535.22	4179.47
58692.678915526154	1544.05	4229.09
58737.149041171085	1531.17	4195.22
58738.666599922347	-470.313	-1326.61
58739.713044065858	3435.36	5857.32
58744.147560533537	1356.56	4265.16
58847.766911268611	1541.63	4170.24
58849.12607337808	1356.56	4265.16
58857.337425705729	3435.36	5857.32
58858.84427665531	1356.56	4265.16
58860.025428783382	111.075	-2592.29
58862.054721331024	3435.36	5857.32
58876.760661184302	-579.541	-1131.22
58878.28724112506	-488.741	-1056.89
58879.364163836619	-470.362	-1332.92
58951.064290647469	-512.179	-1198.35
58952.380631377449	-488.81	-1163.12
58954.27453846155	-488.818	-1112.86
58955.392669332933	-497.844	-1031.65
58956.505012901129	-528.134	-1031.71
58957.653112270926	228.753	1937.93
58959.03384533959	3435.36	5857.32
58960.247494674647	1356.56	4265.16
58972.138877016613	1543.17	4954.18
58981.5684706512	3435.36	5857.32
58983.061332376003	226.384	1929.79
58984.076498923069	1510.37	3897.93
58985.266739747781	3435.36	5857.32
58986.782226021298	1356.56	4265.16
58991.197336160339	3435.36	5857.32
58992.215272400147	-335.62	-1649.01
58997.803677093743	3435.36	5857.32
58999.707182997649	1545.23	4953.76
59000.807566497411	1510.37	3897.93
59002.36406413807	226.871	1932.77
59015.629584344111	1510.37	3897.93
59017.455318116832	1533.41	4178.34
59019.323308387458	1531.16	4185.33
59022.198985325644	-469.657	-1331.5
59119.229965219476	226.38	1930.34
59120.532278682686	1356.56	4265.16
59125.475137536329	1304.73	4873.39
59127.293980312886	1534.56	4212.02
59129.709244472712	-470.094	-1329.77
59130.792270395362	1532.96	4164.16
59252.180257641665	1510.37	3897.93
59334.87071275622	1356.56	4265.16
59335.919112644595	1355.27	4896.48
59342.566764597534	1356.56	4265.16
59343.630934115797	-335.62	-1649.01
59348.999508768986	-540.96	-1037.17
59351.949736974717	-623.245	-1098.6
59353.527801926832	110.709	-2590.94
59356.797292598696	-619.445	-1108.07
59430.217644709256	228.962	1932.26
59431.344069025903	1510.37	3897.93
59432.39380999647	1365.11	4867.77
59433.426337169807	1539.01	4221.29
59435.583210820658	-621.47	-1036.04
59436.639266053214	-623.241	-1092.32
59438.333079331712	225.764	1942.5
59440.263480797138	3435.36	5857.32
59442.018896929459	-335.62	-1649.01
59445.683051290761	1543.77	4957.36
59447.096858711892	3435.36	5857.32
59448.307250007773	-508.269	-1121.34
59450.506202791169	-606.919	-1031.66
59548.33577309	-623.235	-1154.74
59549.567829363513	-574.401	-1205.27
59554.929742500326	-335.62	-1649.01
59555.991970151863	1535.2	4195.98
59558.778754085361	226.626	1930.18
59570.068951310892	1356.56	4265.16
59670.09464522347	1510.37	3897.93
59671.157215557371	3435.36	5857.32
59683.9761390023	1510.37	3897.93
59685.445744529268	-541.243	-1099.9
59686.739446009745	-615.628	-1031.68
59688.043434025153	-623.173	-1160.83
59689.11165861805	-488.762	-1101.04
59691.046224854578	-556.976	-1090.94
59692.128018398066	1543.84	4949.6
59693.854372893077	-335.62	-1649.01
59700.426874331695	1356.56	4265.16
59703.353788939838	-469.247	-1330.6
59705.616453437214	1356.56	4265.16
59707.463799879721	1543.91	4948.12
59708.602761451711	-595.064	-1178.99
59709.740623739755	-335.62	-1649.01
59710.928442643189	1356.56	4265.16
59718.619618044855	-506.211	-1103.27
59719.848763016877	226.199	1935.52
59783.807875979031	3435.36	5857.32
59912.582824471574	-617.282	-1136.31
59916.543045884267	-488.755	-1065.69
60192.300046189363	-608.838	-1031.73
60236.396228964094	225.547	1939.56
60237.767101862034	1535.35	4218.32
60257.1109984669	1544.1	4221.36
60262.506219185593	1544.89	4948.14
60263.521292343719	1510.37	3897.93
60265.243641765928	-469.882	-1326.4
60266.258705768275	1543.81	4954.22
60267.369099266919	229.399	1929.41
60268.68437755066	1510.37	3897.93
60269.754658237737	228.141	1930.1
60271.063296232482	1531.42	4215.51
60273.180766539909	1510.37	3897.93
60275.657626802154	-335.62	-1649.01
60277.967094746576	111.16	-2591.44
60279.178342814515	-335.62	-1649.01
60280.193363784703	1544.07	4956.53
60281.66110982423	1535.25	4161.85
60312.558843672891	-335.62	-1649.01
60313.655226999884	-469.89	-1333.56
60314.928738350976	227.959	1941.7
60348.486491416994	224.371	1936.15
60354.429711010831	1543.96	4948.62
60355.680050938517	1356.56	4265.16
60361.526930277985	111.022	-2592.66
60362.555412649093	-533.624	-1112.03
60373.496534645726	-506.616	-1094.3
60376.78843678748	-509.048	-1103.89
60377.853577239106	-488.789	-1039.41
61709.012891644244	1330.36	4887.55
61710.405025535307	110.564	-2591.14
63414.478097937614	-468.67	-1327.65
63419.554866093606	1544.91	4949.24
63421.101866691513	110.801	-2591.28
63423.473360172379	224.681	1931.86
63487.910313495563	1356.56	4265.16
63501.541231051604	1510.37	3897.93
63502.741255405586	3435.36	5857.32
63503.864465477523	110.853	-2590.75
63541.304441186451	1356.56	4265.16
63542.366097700716	1510.37	3897.93
63544.009531818172	225.028	1940.37
63548.937086751547	1356.56	4265.16
63552.657665476259	1320.08	4880.96
64091.344599324611	1318.47	4879.87
64094.231133423675	-574.256	-1183.57
64095.264814854108	-511.021	-1198.03
64265.568634434002	-488.737	-1148.66
64268.200100737518	-335.62	-1649.01
64271.53951519544	-468.841	-1331.71
64282.939606474513	1541.79	4169.16
64406.723364935813	1510.37	3897.93
64410.131250180001	1540.89	4162.42
64413.576778968205	1544.11	4176.4
64415.383719115024	1543.16	4949.33
64429.800227080286	224.962	1932.76
64439.861781065757	1510.37	3897.93
64479.260676456887	3435.36	5857.32
64498.122337293711	1510.37	3897.93
64540.135124077326	-468.586	-1327.95
64541.244636899398	227.079	1934.35
64670.81817579694	-604.862	-1048.94
64673.929267826023	-623.217	-1089.31
64675.658375808585	-623.258	-1151.69
64676.801047463895	3435.36	5857.32
66221.827705499475	1545.19	4951.59
66222.989012072966	1510.37	3897.93
66296.027091894702	227.002	1931.35
66297.760886375472	1537.29	4184.37
66298.926961603636	-589.56	-1141.69
66301.222039623603	-538.941	-1167.02
66302.955545815686	-570.552	-1191.56
66304.466714427235	-488.758	-1127.18
67889.777443518345	-504.327	-1082.08
67897.263478723848	-496.418	-1040.7
68227.302787889486	1533.22	4169.76
68283.903159291768	1535.23	4172.91
68285.059769462929	-469.65	-1332.21
68286.654104492108	-335.62	-1649.01
68288.237655865559	110.5	-2591.58
68315.909869348403	-335.62	-1649.01
68316.981692106115	1510.37	3897.93
68324.694846814512	1356.56	4265.16
68327.862141183676	3435.36	5857.32
68331.438376721936	228.848	1933.22
68332.480467739782	-469.99	-1332.67
68333.519205915587	1544.91	4953.84
68350.1130553027	-469.341	-1331.81
68368.88348234557	1299.89	4882.94
68390.056351806484	1314.86	4857.74
68391.502373895002	1341.43	4892.2
68394.636779521672	1541.59	4193.74
68395.655585545505	224.859	1936.49
68402.868369366137	110.839	-2591.78
68404.539904427175	-513.466	-1194.3
68405.569963281827	-515.104	-1193.25
68406.915964969691	-488.76	-1173.03
68408.123871626605	-492.408	-1193.93
68409.300372098187	-488.749	-1152.3
68411.079716191557	1539.29	4230.16
69029.49379117883	3435.36	5857.32
69032.873546282555	1545.24	4954.8
69035.290813567663	111.134	-2591.56
69036.503089762072	-335.62	-1649.01
69068.529323803822	110.659	-2590.94
69069.848851872521	1510.37	3897.93
69071.055473371348	1543.99	4950.95
69074.437217265525	-469.348	-1334.34
69081.199098000232	-468.487	-1329.61
69086.627626300805	111.02	-2590.78
69091.581963094649	-470.085	-1331.97
69092.656355970086	-335.62	-1649.01
69093.671432790523	111.02	-2591.76
69139.904431966399	1532.14	4208.42
69151.737635103549	1539.62	4221.03
69154.605169171076	110.704	-2592.29
69155.925759686014	226.923	1931.57
69157.072965887604	1510.37	3897.93
69165.943658814632	-605.199	-1180.42
69174.967485988342	-488.776	-1055.33
69180.669136460329	-516.805	-1031.7
69182.202286525561	-536.808	-1032.48
69184.887816685486	-541.168	-1034.7
69185.954156525384	-600.234	-1031.68
69188.710624417095	1510.37	3897.93
69195.887335990853	-335.62	-1649.01
69197.094985616149	-469.718	-1329.32
69198.342243106776	3435.36	5857.32
69199.3572915443	1356.56	4265.16
69201.8501768088	3435.36	5857.32
69206.522420802297	-335.62	-1649.01
69207.728099851861	1534.09	4227.25
69600.531328637501	1531.1	4173.68
69661.910103650089	1356.56	4265.16
69663.148546004291	226.229	1942.3
69665.169265204996	1510.37	3897.93
69666.553079577011	-470.257	-1331.7
69667.896188864522	110.611	-2591.17
69669.082473884481	3435.36	5857.32
69670.204962391279	1538.07	4178.04
69671.897023450426	1542.47	4201.71
69711.612732602811	1309.18	4892.86
69713.08301430703	1544.66	4950.67
69714.317981882033	226.314	1934.58
69715.340919379983	1543.75	4951.81
69716.721960578982	-469.853	-1324.91
69721.41037651301	1343.71	4876.21
69724.867407495219	-470.345	-1329.92
69726.1456791733	1540.32	4196.06
69732.658060200462	1356.56	4265.16
71296.591567495556	1544.7	4948.81
71298.318422624667	3435.36	5857.32
71301.951598904097	-335.62	-1649.01
71303.38636732517	-617.093	-1151.36
71304.748711075027	-335.62	-1649.01
71305.909006115708	227.909	1936.96
71314.779699042736	-335.62	-1649.01
71336.390116568052	-469.76	-1328.17
71340.732376613658	1365.91	4895.45
71342.288117506546	1545.1	4947.62
71343.458441188363	1317.28	4871.05
71347.420006015246	1510.37	3897.93
71348.47125570328	-541.577	-1078.72
71349.894714277802	-559.488	-1087.04
71351.442247588504	-553.478	-1074.35
71373.45520933307	1542.08	4214.16
71374.558199006	-469.662	-1329.14
71376.124155993789	1356.56	4265.16
71378.442555615459	1544.31	4953.66
71380.792216107497	-468.452	-1330.22
71382.94416434042	110.909	-2591.26
71384.693526410307	1510.37	3897.93
71386.371319397598	1358.37	4877.71
71390.377216892741	1356.56	4265.16
71392.983502752723	225.913	1934.67
71394.070401867027	1539.34	4186.79
71423.721911937986	-607.846	-1172.06
71425.13974067303	-602.048	-1194.92
71426.6238840109	229.391	1940.49
72570.138695984337	-468.784	-1325.17
73174.982193756475	1544.91	4954.05
73177.893565966227	1543.16	4953.21
73178.961847672851	-503.483	-1091.57
73182.501485321095	-623.231	-1151.72
73183.622006600317	-582.757	-1144.46
73199.675301794364	-572.582	-1184.84
73208.3491078328	1538.59	4164.48
73213.888661406305	1544.09	4184.82
73215.962939587286	-335.62	-1649.01
73217.385593899025	226.392	1936.78
73218.62281538486	-536.474	-1039.03
73226.350622964412	-623.245	-1124.95
74196.210388168586	-469.668	-1329.8
74199.128754457614	227.96	1930.26
74202.305013414734	3435.36	5857.32
74204.094447612161	1356.56	4265.16
74205.291066162903	1543.75	4949.95
74210.042552665006	226.743	1939.87
74214.616147821259	-469.164	-1331.4
74223.45621389895	1356.56	4265.16
74224.540824309095	-335.62	-1649.01
74225.807001585806	3435.36	5857.32
74228.855146901403	1356.56	4265.16
74230.428860553839	3435.36	5857.32
74231.979304212335	1544.91	4956.64
74233.823831610957	1356.56	4265.16
74240.324188555828	1354.11	4869.56
74241.430511706065	1336.51	4900.52
74285.954057761025	-500.029	-1057.53
74287.225655875322	1510.37	3897.93
74288.663403208366	110.675	-2590.51
74294.56098794487	-468.902	-1328.68
74295.779239014541	1326.2	4874.21
74308.086606169469	1510.37	3897.93
74309.251236350762	224.774	1940.72
74310.389167344052	-335.62	-1649.01
74333.714773281823	3435.36	5857.32
74334.922165875502	1510.37	3897.93
74337.966425591501	-550.24	-1171.11
74362.633040551652	-488.742	-1146.38
74364.723231621323	-500.514	-1197.6
74366.675418043282	-488.771	-1042.91
74367.918649958	-623.227	-1200.56
74369.25318507983	1544.81	4947.83
74370.357023274256	-468.504	-1330.88
75611.256956762884	-335.62	-1649.01
75988.793286181496	1356.56	4265.16
75990.998895412621	-470.076	-1334.52
75998.013281875446	1543.75	4201.9
77599.950739030124	1510.37	3897.93
77601.978053113088	1348.29	4897.29
77603.440220690293	-579.991	-1085.94
77646.467995264452	-564.811	-1131.62
77650.090239578731	1356.56	4265.16
77651.204155783663	1304.91	4882.77
77664.120518521925	1337.78	4859.38
77674.738422714023	1545.1	4951.51
77679.016805128128	-621.152	-1102.71
77680.031998226952	-335.62	-1649.01
77710.074480463464	-491.405	-1145.78
77712.668176101679	-469.865	-1325.49
77715.621512787088	-470.505	-1331.67
77717.307816554082	3435.36	5857.32
77733.131562319701	1539.84	4176.48
77734.838392084804	1544.07	4202.43
77738.422992855067	3435.36	5857.32
77740.452615146822	225.126	1941.28
77741.625531555207	1542.21	4227.57
77748.285207590438	1365.15	4884.3
77749.344000865803	1367.91	4895.49
77752.348627465904	1366.36	4889.97
77755.056632946791	1317.03	4868.77
77757.107041794736	1545.25	4947.67
77758.130196738692	3435.36	5857.32
77759.186084335974	-558.854	-1185.58
77760.270225268343	-488.758	-1093.73
77761.711944484014	-488.809	-1039.91
77823.759696002045	-490.729	-1039.6
77826.978088522559	-498.19	-1081.8
77830.589876296834	1545.27	4954.06
77832.796911909616	1545.27	4956.88
77877.320457964576	-552.869	-1112.48
77878.628564736201	-560.391	-1108.62
77880.404161076636	-623.238	-1196.55
77883.482614069097	-601.705	-1205.24
77884.632774596294	228.131	1941.04
77886.024908487357	-335.62	-1649.01
77888.387470290975	1302.05	4872.15
77889.973102720795	3435.36	5857.32
77893.720234087112	1544.03	4213.69
77898.290594855258	3435.36	5857.32
77899.310325024617	-335.62	-1649.01
77900.99337466996	1356.56	4265.16
78483.784684467503	1537.01	4221.92
78490.291053453519	-335.62	-1649.01
78491.357164838508	227.939	1935.04
78751.570444785145	1356.56	4265.16
78757.843249459717	1510.37	3897.93
78759.95124780959	-521.975	-1053.06
78761.144556401253	-530.457	-1036.23
78770.475729981194	1356.56	4265.16
78772.11080451478	-470.077	-1324.83
78774.33115302302	-335.62	-1649.01
78775.443685307625	1510.37	3897.93
78776.809066077853	-469.707	-1329.8
78780.114415101542	1351.42	4867.65
78797.829136814374	-557.398	-1159.65
80083.858760761257	-608.47	-1098.79
80086.925556954924	1543.92	4949.67
80088.117250932402	1356.56	4265.16
80090.632170575003	-468.544	-1335.23
80091.92025034453	1510.37	3897.93
80093.475991237418	1532.69	4174.03
80098.93782711987	-607.355	-1051.23
80100.573544698369	-536.398	-1205.27
80102.025855601048	-532.383	-1166.39
80104.3512020828	-554.196	-1194.19
80111.778625803685	-503.661	-1131.62
80121.762479746014	-469.747	-1332.95
80123.39562514486	1356.56	4265.16
80719.757512157538	-514.11	-1160.14
80750.410888402728	-488.803	-1048.35
80765.885319820741	-527.11	-1031.68
80767.053129105149	-612.612	-1031.67
80771.442364139339	-612.554	-1058.52
80783.404854398303	-606.4	-1086.78
80789.287227515696	-623.257	-1150.02
80790.68478882862	-623.195	-1204.78
80792.178859498774	-621.308	-1205.23
80797.123631342451	-587.597	-1131.34
80798.405012903186	-581.09	-1115.99
80801.166397271358	-521.612	-1205.28
80802.181610512894	-571.708	-1031.66
80810.505395416057	-538.346	-1054.58
80812.087811667852	-468.738	-1327.87
80813.15723564902	1324.18	4895.69
80826.869352616172	1340.61	4866.21
80828.656192215413	110.879	-2591.04
80951.641360271714	229.421	1941.14
80953.765650388579	110.853	-2592.13
80955.181066335275	3435.36	5857.32
80966.981947691971	228.427	1929.57
80968.651960999167	1531.48	4164.38
80972.184279069408	-470.468	-1333.5
80983.403368377941	3435.36	5857.32
80987.870228726683	1356.56	4265.16
80990.073460655048	-335.62	-1649.01
81012.804001225233	1329.96	4896.02
81021.197790355451	1534.75	4216.11
81025.3936641622	1544.07	4229.19
81028.093241397726	-622.52	-1061.89
81029.160038147442	-618.532	-1095.69
81039.78440669563	3435.36	5857.32
81040.990342776811	-497.075	-1043.14
81042.192509060938	1544.8	4951.01
81044.742438690154	1510.37	3897.93
81045.78332048628	1356.56	4265.16
81150.001614025103	110.82	-2590.46
81151.1650881689	1510.37	3897.93
81154.787332483179	1544.76	4954.03
81156.286411641217	1510.37	3897.93
81157.498002417979	224.843	1937.36
81162.275364024933	3435.36	5857.32
81174.899408883195	1510.37	3897.93
81176.482203508875	-335.62	-1649.01
81177.702332837572	-603.806	-1161.21
81178.766216787199	1543.15	4214.93
81183.220139583516	1531.09	4182.94
81186.443910856804	224.502	1933.75
82857.263527131976	1359.61	4858.04
82863.757872035701	224.453	1931.85
82867.634801768634	-468.47	-1329.8
82868.910561618418	1510.37	3897.93
82870.546707893525	-493.211	-1182.97
82871.902399122571	-488.819	-1073.09
82873.954323483724	-335.62	-1649.01
83009.716938020009	110.885	-2592.07
83014.486213656697	1543.24	4951.47
83058.101612741171	3435.36	5857.32
83084.869703091172	-500.135	-1116.53
83086.721121485958	-470.333	-1331.59
83088.369699962718	3435.36	5857.32
84108.371674892509	226.232	1934.41
84122.181231152995	1356.56	4265.16
84250.556884443039	1536.01	4165.97
84256.809406958796	1544.12	4221.76
84258.241030972788	1356.56	4265.16
84306.504005729751	110.728	-2591.04
84308.466764262969	3435.36	5857.32
84310.154069298164	226.694	1932.49
85733.948011486036	1510.37	3897.93
85735.466433769692	-335.62	-1649.01
85743.995856089828	1538.02	4180.87
85813.211213023318	1544.41	4955.16
85814.421947028023	1510.37	3897.93
85818.258693559757	1356.56	4265.16
85819.393973448564	-535.904	-1188.26
85820.551017133787	-488.801	-1079.71
85821.639676789752	-523.601	-1079.86
85823.921853498139	-335.62	-1649.01
85826.062814260299	-495.771	-1172.16
85827.503871495532	-556.646	-1031.65
