338.98	450
2.20464	30
315.439	480
908.333	2400
33.7078	90
16.0685	60
22.5667	150
26.5849	150
2.21227	30
6.24244	30
6.25407	30
7.8688	60
10.909	30
30.1436	150
7.20908	150
23.8808	540
19.7636	240
22.8094	120
24.6189	270
10.6629	270
13.2642	30
24.5022	660
25.0166	510
40.2855	450
11.9011	30
13.7159	300
5.44038	90
15.4265	570
14.603	120
10.9086	30
12.783	60
965.57	930
833.964	870
146.1	270
6.67442	90
25.2976	600
7.4001	30
15.0364	30
4.63796	30
19.1959	180
5.01959	30
23.7373	480
32.402	270
1.55471	120
9.48048	90
6.5403	30
105.79	420
102.984	1860
5.49272	90
47.3924	960
63.3873	840
4.9431	270
5.44249	30
8.73318	30
11.9615	120
8.31785	30
1.96371	120
6.01545	30
27.2042	540
12.6624	390
24.5028	390
4.76056	840
28.2054	750
1499.53	270
560.39	240
7.43522	30
9.80271	30
2.55088	150
4.99507	30
11.6822	510
5.27446	150
6.53364	30
6.68633	90
9.5859	90
27.1373	330
24.3852	420
7.5678	450
31.355	300
7.78838	240
2.48735	150
7.96267	30
4.60899	30
4.74262	30
1997.24	990
7.31252	120
1.8886	90
3.21566	60
3.99877	30
5.0698	60
5.54271	60
15.6952	480
4.31002	2190
8.85361	720
11.5632	30
13.0044	30
86.3037	420
62.1713	60
29.4765	60
10.1762	30
10.2273	30
21.524	450
1407.28	1800
188.639	180
967.147	600
90.4854	660
68.1123	60
11.3988	30
16.3765	60
6.45755	30
236.749	630
2.50106	600
772.796	1230
24.5941	30
7.34579	30
22.306	480
16.5793	300
9.93335	150
735.319	2730
3.46805	30
11.6618	30
593.868	210
5.76633	30
1536.85	270
358.37	90
322.947	180
15.7739	30
9.31994	60
12.3609	30
6.11021	90
2.7075	60
37.7346	90
9.42194	30
12.8321	30
18.9065	60
3.12892	30
16.3374	60
5.18836	30
8.11897	30
9.12788	30
21.8528	180
6.08858	30
14.9907	90
14.407	180
853.151	480
2387.44	420
3.02662	30
7.04848	30
4.49351	30
10.7669	30
5.78216	30
5.71325	30
8.36554	30
709.908	240
640.552	1200
116.501	120
708.593	1080
28.5749	300
46.8264	270
17.183	120
14.1631	300
22.0358	60
10.803	30
11.1718	30
34.6987	90
12.6951	90
895.814	420
5.97722	30
23.4864	180
21.7048	30
7.51128	30
8.77049	30
10.4277	30
5.07879	30
2.41298	30
3.732	30
14.7277	30
4.79045	30
11.6893	30
12.2633	30
8.53638	30
745.704	1170
13.8537	30
20.5401	210
13.1866	30
1.85785	30
10.1583	30
9.16795	30
5.45311	30
2.68554	30
3.74015	30
2.27383	30
4.42398	30
9.83578	30
5.62905	30
3.2924	30
13.2458	30
24.6648	60
20.2765	60
8.41177	30
6.00554	30
4.64053	30
6.97164	30
5.12214	30
5.17953	30
2.13792	30
458.123	150
1661.11	150
825.521	150
741.52	240
2171.18	480
336.834	1800
11.9962	1020
8.79233	510
28.7282	120
540.846	1440
1686.47	180
1817.5	300
2316.29	480
1212.97	300
23.7567	390
28.7379	870
21.66	30
34.9777	120
11.1181	90
13.6839	90
30.8196	960
289.077	1230
14.9764	30
42.7199	600
1102.26	1710
910.896	810
79.8625	90
27.9391	120
13.4246	30
12.5759	90
993.783	2700
1053.23	540
208.91	150
97.4416	270
624.015	1110
4.4819	60
4.23862	150
3.64496	120
12.0184	30
7.58927	30
7.90648	30
5.98988	30
0.158316	30
0.584145	30
3.3327	60
2.19045	30
7.42468	30
16.999	60
2.99565	60
4.41328	600
651.603	720
869.62	540
852.17	120
450.426	120
861.091	810
22.1994	60
3.64231	90
13.5847	300
157.92	360
224.895	360
2038.47	1740
1913.2	750
285.59	360
100.09	120
66.7331	990
12.2482	210
6.23657	300
14.0457	90
5.55061	990
11.4905	180
6.18766	30
6.29954	30
0.582145	60
33.1654	90
4.75157	30
66.3693	180
54.3302	330
3.95857	30
5.77488	30
8.801	30
6.61284	60
6.23759	30
3725.14	540
3575.64	750
3.01166	90
503.276	300
7.14379	30
14.0475	1290
6.40583	480
13.5057	720
12.5728	360
13.0513	210
7.01896	360
25.3498	420
41.0257	540
20.2271	600
11.6569	1020
18.5492	390
18.9848	270
24.336	420
8.05301	60
2.19986	870
8.45277	60
8.73688	30
7.76562	60
7916.06	6150
35.2385	180
355.078	660
850.544	2220
78.3485	600
170.014	210
17.0517	90
25.7058	90
2.81649	60
14.7261	780
3.9072	30
16.6889	30
13.6453	240
905.918	870
403.731	480
49.1166	120
36.6557	240
435.522	720
927.426	840
2.58813	30
19.2695	90
10.6828	30
0.374386	30
27.5056	120
11.0214	60
8.21645	30
4.74046	210
17.0821	120
10.4081	30
10.8367	30
21.2437	90
15.7569	690
24.8045	1170
15.5805	150
32.263	30
1419.53	90
814.836	120
285.328	210
44.5474	240
57.0092	1110
2.186	30
4.77247	90
6548.05	3300
76.9601	600
21.7057	150
28.0489	210
44.802	630
46.9174	180
26.6319	300
29.5477	240
26.7736	60
16.5039	300
43.1775	120
16.6534	660
4.1561	330
10.4578	30
5.82588	60
3.13319	30
7.1147	990
80.5086	150
65.4227	450
18.4476	750
13.6432	240
8.22354	150
4.61937	300
8.62576	30
15.4313	90
44.5207	270
42.095	330
31.3644	1410
104.892	450
30.8866	60
4.41892	90
27.8338	150
20.5499	1200
13.7802	30
5.58674	240
17.9134	660
20.3083	60
24.7067	390
9.52371	510
68.5898	60
18.9184	1020
157.603	360
3.4522	330
28.6257	690
502.159	690
55.0109	210
3.34744	180
15.0921	300
22.7038	30
14.3908	180
16.5811	480
7.97167	30
13.3604	60
10.5161	450
20.9752	120
12.1281	660
50.0937	840
38.52	180
37.2652	300
28.9012	510
3.69608	60
30.5263	90
4.0761	30
32.5807	720
15.7538	210
16.6236	990
280.862	930
83.4686	120
156.504	360
19.9698	270
360.314	1140
268.259	240
21.0955	90
18.9603	390
308.338	810
42.0744	330
16.1123	120
27.0087	30
10.6124	90
6.46672	180
15.5767	30
19.2092	90
5.41151	30
104.78	420
55.4634	750
11.8406	30
26.3922	90
31.1981	300
92.1328	450
0.966321	30
28.6604	60
8.07745	60
263.84	2430
309.868	1080
655.267	240
1.78676	30
6.14514	30
2.93303	30
10.2565	30
16.0729	120
18.3582	60
8.00907	30
21.7058	120
27.1867	60
21.9181	240
6.71432	120
3.71393	60
16.2573	60
12.4225	30
7.68149	30
393.67	210
519.502	540
1956.29	2820
22.1674	1290
926.77	900
166.025	1800
20.7457	60
90.7037	180
449.031	540
4.39671	300
13.6726	150
14.8657	30
5.02001	300
215.75	1140
555.202	480
1764.02	1320
1.64798	30
36.3324	120
111.677	300
1171.91	750
2.86082	1380
15.5416	90
7.01832	60
3.26369	330
15.5943	240
15.3821	180
13.3252	690
15.3419	390
16.7816	960
31.423	240
33.9104	330
49.2516	360
21.2873	90
712.847	270
145.752	270
73.4239	210
393.536	1140
9.23233	30
40.5966	990
12.635	30
11.3388	30
11.7237	30
70.4434	90
32.0031	240
27.3661	120
32.615	210
10.9301	30
10.0678	30
38.2452	570
23.3803	90
290.581	720
310.685	690
173.807	1650
12.2614	1170
39.8975	450
6.99765	30
99.5056	120
154.908	330
527.598	360
65.2985	390
1.75599	240
7.41687	30
98.4952	510
1146.51	330
32.8227	270
13.1443	30
42.5625	480
14.6874	30
70.7141	1920
21.1504	450
69.5233	630
53.4009	330
21.7885	480
60.2654	120
11.9669	420
107.51	90
11.7143	90
0.483612	30
36.942	330
10.3591	240
3.4859	30
165.54	330
182.004	180
45.1371	30
37.4118	90
1.20843	30
876.161	3180
53.3131	810
12.1311	330
6.20527	270
14.409	1530
968.616	1680
260.912	1230
9.71928	180
19.7065	120
71.5421	240
113.521	150
76.6	150
4.90173	30
60.0199	150
150.579	150
23.2559	780
0.65689	30
73.1518	150
6.96447	60
34.1679	360
947.069	870
6.46753	90
17.6697	210
5.68822	420
16.886	900
7.36662	90
463.545	1350
443.81	630
9.39286	30
51.2534	210
20.5012	240
23.7845	150
12.9554	30
889.775	1470
5.52501	30
10.5753	30
20.5196	30
12.0163	30
12.1486	30
49.4394	450
67.0444	930
11.8709	480
13.7896	540
8.22203	30
1.03592	30
5.36691	150
18.9426	60
15.3496	180
14.3268	690
23.4076	60
20.5058	180
894.819	1140
7.70619	630
25.1192	690
881.653	5010
1.23229	30
51.0223	960
857.661	1470
41.8237	90
18.5233	600
25.5507	1680
841.583	1200
159.04	150
140.642	3600
27.4235	210
330.361	690
925.055	1290
1405.89	1440
39.2029	150
1424.68	2010
45.3971	270
41.921	510
54.7222	270
63.4445	210
83.5229	90
7.17855	390
7.60288	30
4.59748	630
5.79518	30
8.57629	270
11.341	120
6.21199	240
18.1207	660
146.682	2160
26.2859	1200
34.034	720
68.8361	780
99.8693	570
21.7018	420
103.876	2190
2011.29	720
11.2157	150
4.64957	630
1.23794	60
4.82695	30
7.02236	30
5.73405	30
13.3402	30
4.97829	30
0.888876	60
7.93204	90
2.17205	30
6.8036	120
3.42286	210
10.383	60
5.34555	150
5.56369	30
3.35336	30
1.94905	60
0.916788	30
2.6729	60
7.79475	30
5.90496	30
3.58232	30
5.51461	30
6.75825	60
5.12644	120
4.86733	30
6.93851	30
7.23714	30
13.3903	120
11.0608	30
2.9894	60
2056.17	930
9.50149	420
5.00199	60
3.04412	30
25.3085	150
34.5685	300
3.06334	450
5.19247	60
11.1007	60
4.28356	240
1.76615	60
7.23669	150
9.4399	1020
7.70052	240
3.77459	30
7.43962	1110
9.95599	180
4.48114	30
13.4332	330
10.1191	120
32.9861	660
37.123	210
344.421	570
77.6879	90
28.5502	30
20.523	60
3.60171	30
73.115	2070
12.9125	30
12.9129	30
6.72531	30
172.777	60
3497.71	810
615.403	90
389.849	60
873.102	210
11.8486	30
9.90633	90
5.98336	30
7.54054	30
19.6407	60
1743.24	570
604.976	90
2232.99	540
1150.95	120
2144.97	510
1.31702	30
949.279	330
473.919	570
12.9061	180
15.1885	60
19.7123	2190
84.5782	2100
19.6949	30
22.3537	90
5.38913	420
3.15733	120
3.15141	30
19.2547	90
1.26664	90
19.4677	150
36.6355	270
19.5079	330
4.01516	330
6.44165	30
20.9533	720
50.7522	390
55.5566	360
3.43173	30
40.5614	390
15.1068	510
27.9215	120
33.6981	1440
61.4882	2550
24.4645	1200
34.5207	210
10.7522	60
13.3096	60
18.5981	450
19.4507	300
51.3354	270
20.2481	90
65.1934	300
21.3568	60
12.0186	420
630.802	1200
24.1335	600
20.4103	150
32.793	60
12.6301	30
33.5794	810
9.45178	30
15.2119	1230
48.2663	150
57.7225	210
26.868	120
5.48058	60
9.17925	30
67.1176	270
64.579	720
2.46997	30
35.4506	90
21.8303	300
14.2165	30
16.2921	270
19.2553	810
8.94633	30
220.587	300
216.855	330
6.87677	90
6.24823	90
19.0103	480
11.2015	30
7.47841	30
7.31133	150
19.9375	420
33.5321	150
55.3574	540
11.7643	30
359.531	420
67.0992	270
359.833	510
9.57342	570
36.1478	780
913.412	810
861.817	1380
58.5808	120
13.6746	30
55.3753	420
85.828	210
12.9365	120
1667.42	1680
490.135	570
113.059	1080
0.973195	30
22.6959	90
28.4216	120
12.3767	30
11.5283	30
20.65	210
30.7617	270
59.4903	270
479.223	720
148.486	1320
25.9298	180
7.96076	30
10.2376	30
45.79	1080
9.90456	30
278.751	330
282.488	630
37.0082	510
13.7947	30
50.8915	330
62.8013	3450
39.4579	240
82.9803	120
35.5301	270
2.48259	30
307.18	420
2.78132	30
1183.22	1380
23.0595	450
24.8042	150
11.3003	180
45.4722	3300
9.35998	270
2.76518	210
19.2245	1890
30.2095	840
43.7229	870
17.5582	900
1.8098	270
7.1778	1560
8.97447	90
33.7903	90
17.5455	270
3.9636	30
160.554	420
13.9716	150
6.0809	30
641.865	360
345.243	1110
9.75255	1230
176.745	360
148.873	180
75.2942	1290
74.275	120
25.3676	150
4.19601	210
2.74216	30
32.0804	570
7.99179	270
10.1401	330
14.2735	480
481.14	420
136.472	330
6.55385	30
5.98741	60
7.99924	30
2.50384	30
4.73041	30
7.29469	30
20.8438	240
73.9797	390
14.7987	30
74.9727	300
88.3278	270
2.44722	30
40.1636	60
58.459	90
54.1744	60
1771.66	1560
22.8287	300
680.955	1050
11.4953	30
167.103	2970
157.82	1440
49.5895	270
13.8643	30
14.5649	30
22.2436	660
26.3869	540
105.027	120
57.6978	60
35.3139	90
91.5144	60
103.922	540
4.56133	30
12.157	360
6.71615	30
7.93832	120
45.484	90
117.905	90
885.359	870
9.6379	30
44.8826	1080
14.4998	30
24.0263	1380
28.0457	420
68.1764	120
36.7516	60
281.675	90
1168.04	1740
12.3331	30
19.3447	900
10.7029	30
6.95336	30
13.2521	150
25.3354	60
8.22129	120
9.58995	210
10.4106	360
7.11803	60
6.07551	90
8.18966	30
10.3924	180
0.598732	180
4.54401	300
8.80127	180
5.20135	240
4.02326	150
7.68611	330
2.04382	390
7.01522	210
25.5731	360
897.117	900
116.466	930
0.415077	30
172.429	270
0.97719	30
922.505	780
54.8141	690
31.2726	420
831.871	990
0.984787	30
119.807	480
18.0192	150
200.464	210
476.895	510
128.034	120
989.783	1170
4.23204	90
10.3771	30
10.6945	30
9.86243	30
51.1843	600
11.8703	30
18.9065	210
26.2038	360
11.2138	30
13.1728	30
11.9237	30
15.1212	60
11.8266	30
12.2344	30
24.1285	90
26.3842	210
16.6519	420
4.16746	150
10.9618	30
32.7916	60
0.416214	30
23.8103	960
21.9718	150
7.29536	30
33.6934	90
24.7273	120
9.44366	30
19.7615	90
24.6548	60
19.607	390
29.0258	210
13.2402	300
19.4097	90
3.68726	240
3.53751	30
5.2535	30
25.0117	90
879.785	780
18.684	750
38.7758	1050
30.9015	330
496.664	1410
1261.55	1140
14.5156	60
7.37732	30
9.8707	90
43.5597	810
46.6899	960
39.7788	60
20.7035	1920
39.728	3060
7.75895	510
7.84831	360
193.004	600
237.116	330
43.24	150
1.8636	30
60.9632	900
66.5305	270
16.398	480
12.5708	30
12.0663	210
14.2219	30
14.3895	30
51.0244	180
20.2276	960
26.664	270
4.12119	180
11.7355	60
5.49825	240
10.2892	240
4.13312	120
8.19011	240
9.17071	390
401.722	2100
46.3647	570
10.8485	600
8.29832	30
53.2544	1260
3.62681	150
26.1641	60
6.69607	30
21.3527	420
24.5627	1140
23.5526	150
6.50772	1530
29.0518	480
15.0061	30
15.4811	510
10.3372	150
943.596	1770
58.2735	90
12.8931	30
1328.08	1050
70.0271	540
8.96364	90
16.3579	240
13.9823	60
19.1317	60
6.75114	60
9.48488	30
9.7501	150
10.7603	30
9.9074	30
4.96921	30
2.71895	30
1.17171	150
10.5359	60
13.5846	90
0.958858	30
3.65813	90
8.29522	30
10.2697	30
30.987	120
20.114	240
3.60948	30
3.67361	60
1251.15	1860
87.7972	1080
53.9292	450
129.913	2820
172.663	360
47.3293	120
86.1264	150
46.9506	60
17.2303	60
57.8027	150
12.1434	30
27.1958	30
841.596	2430
19.833	2100
51.6358	300
49.2549	1200
19.2048	240
32.3344	480
26.8776	390
42.7454	210
34.6918	630
16.2765	60
10.8426	660
3.26692	90
8.88988	270
5.31589	270
16.1203	270
9.73041	600
14.9325	540
21.2117	1350
13.6104	2100
125.431	1980
13.5234	1440
6.00602	960
6.86505	30
15.6997	90
9.49558	150
24.8051	60
28.7252	120
3.68149	60
5.81576	30
6.4513	120
28.857	300
4.67058	510
3.61689	30
23.7018	60
14.8552	90
15.0923	120
31.1556	120
6.32332	30
4.36264	60
20.742	270
13.5437	90
57.7253	2730
125.648	1980
1028.9	1320
134.716	240
1421.59	690
1281.81	660
108.8	270
96.2721	390
41.9705	120
20.538	630
275.976	210
348.389	270
2120.13	1080
211.129	300
42.72	2790
64.1986	630
8.63566	60
14.8218	30
262.087	570
250.742	240
222.711	420
52.5751	630
217.812	210
201.092	210
4.84513	480
59.901	120
34.1133	90
214.971	510
549.641	180
2235.54	690
1.91943	30
6.41595	30
12.0206	30
10.6387	30
6.29407	30
7.53436	30
6.87148	30
3.76819	30
304.101	840
0.139176	30
456.243	1290
148.676	390
13.9664	120
13.1862	210
60.0435	480
1423.9	1440
1226.44	1350
20.5337	150
3.68597	240
25.2083	510
9.40517	90
16.4021	90
9.1128	30
8.53725	30
35.8831	90
8.56209	30
23.1684	120
883.514	1170
1.23493	120
24.7664	360
3.56329	90
11.2819	60
9.50051	390
8.77185	30
13.1103	30
22.3184	120
11.794	30
18.2298	60
7.79125	570
15.2233	870
4.9325	30
9.44748	90
27.8813	1980
11.1648	900
8.71975	210
96.4456	630
51.4464	120
153.829	540
2580.55	2400
29.694	120
96.8379	360
2446.42	750
40.4774	330
622.962	570
6.23974	30
10.3369	60
5.83656	30
6.18925	150
11.6753	120
15.3197	30
12.4944	210
17.8181	120
3.6619	300
10.0714	30
34.3999	60
51.6759	960
26.3247	60
5.00906	450
105.912	1260
1396.42	1800
133.245	330
1128.05	930
2.56201	30
2.49104	30
0.930742	30
100	150
2.83494	30
3.20419	30
1.41208	30
9.14552	30
11.9937	90
5.86338	30
4.37713	60
11.1598	150
4.78953	30
5.01427	180
6.48658	30
5.07094	30
4.62978	30
11.4134	30
7.82161	30
7.07003	90
14.8728	30
4.52372	90
3.11147	30
1.8074	180
3.90364	90
1.27039	60
1799.59	720
3.48639	30
1.47215	30
6.08786	60
4.30635	30
7.40048	30
7.40113	30
6.98301	90
4.56376	30
9.67204	30
7.71799	30
5.26314	30
3.18027	30
3.8834	30
4.44746	30
5.35951	30
2.6926	240
9.54486	240
1.93391	30
19.248	60
8.55529	30
3.08661	420
4.41114	420
14.1083	540
1823.55	1050
18.8249	570
29.4797	90
13.5956	390
10.2921	630
23.2403	60
9.14173	30
4.68206	180
7.27623	30
20.5209	810
24.7571	210
4.16278	30
20.2104	210
22.6181	210
12.1435	720
17.668	690
31.8055	840
18.7224	240
32.9905	390
10.3867	840
9.36851	30
11.9049	30
5.09849	30
17.9196	180
24.8483	60
11.5049	150
19.3541	240
11.5603	30
39.1501	300
29.9457	30
68.882	870
62.5524	90
30.4403	120
102.726	870
46.4646	1530
15.3167	210
21.0111	270
3.58071	60
12.3082	30
6.02397	150
18.0334	30
43.3681	270
5.90376	30
17.0602	30
10.7777	480
6.51636	360
16.3868	120
12.4534	30
39.5471	90
43.8901	120
444.712	1050
445.834	2520
11.4283	30
11.869	30
28.6265	1290
12.0101	30
9.19037	30
5.81021	30
56.3275	1770
19.6578	420
29.7474	300
58.8448	330
878.15	1980
21.2482	60
42.8782	180
37.8736	240
14.0423	30
8.95739	150
2.43049	480
39.9099	690
9.34593	30
13.863	30
4.9629	120
10.1591	30
20.9607	210
4.38663	30
103.539	120
83.4812	90
734.933	390
794.079	870
109.201	300
24.4512	300
4.68257	30
97.9685	90
17.8134	180
48.339	510
61.9293	150
33.1863	540
124.834	1110
34.7026	90
2.43816	30
17.754	570
4.09972	150
47.0864	570
85.8596	1500
93.45	1260
21.6951	30
34.7868	120
40.5654	450
59.7876	510
903.94	1710
33.0614	360
34.6061	150
13.6956	30
14.1669	30
27.4056	60
38.3373	420
8.56809	360
19.7725	30
496.906	1740
26.7515	480
15.9089	510
8.73925	30
26.5707	420
27.6804	510
29.5444	300
111.143	810
132.333	780
4.39145	30
25.4625	90
16.8707	90
12.06	1260
15.9126	60
15.8495	960
22.5309	30
11.6909	30
13.9164	30
9.26348	30
93.1294	300
56.9802	90
234.23	1140
10.7793	30
12.0893	30
16.1429	30
20.7428	60
247.805	990
5.48665	330
15.1851	90
430.24	570
6.13083	30
6.46028	30
1.58663	30
1.79062	30
9.83215	30
772.086	540
5.47042	60
9.79629	30
2.41515	60
2.56792	30
8.07397	30
5.67221	30
5.78499	30
5.27878	30
8.21741	210
14.1066	150
6.3516	30
6.1353	30
3.36496	90
2.57702	60
2.45016	30
8.72626	30
9.97128	30
2071.69	870
174.003	180
43.806	420
9.00788	30
8.83218	30
10.1806	30
5.36598	30
470.939	270
2830	420
3.1177	30
3.92377	30
637.842	240
113.879	240
23.3728	330
12.363	30
0.945019	150
10.7241	150
15.7504	120
2.78926	60
31.4567	60
6.99192	210
15.9107	120
8.68006	30
33.0002	600
63.4474	60
15.1956	90
30.163	270
0.82662	30
36.2016	810
32.136	300
22.857	60
7.45258	150
13.0131	210
8.1212	30
23.8169	150
9.86663	30
1.66075	330
18.1927	750
9.15855	30
14.0497	240
14.5398	90
6.18979	30
7.02717	90
12.166	420
12.7648	60
36.6293	660
17.657	390
44.0889	150
190.179	180
1.06097	30
58.4717	240
98.0617	1050
33.9444	150
341.41	1200
324.256	570
20.7693	390
22.9963	270
35.6089	210
27.4991	1230
18.8672	30
40.8182	870
73.6257	510
31.8112	330
1041.75	4530
6.10652	60
10.4526	30
9.34448	30
137.797	720
35.6933	180
59.2051	390
48.9384	450
6.52224	30
4.81437	600
11.2411	90
4.2932	30
20.9459	450
35.2683	390
68.451	480
72.2512	1440
8.16169	90
14.228	210
21.0431	60
23.1169	60
74.0103	690
14.6711	210
40.0384	1110
41.9737	840
30.0456	2190
28.0774	960
20.7332	30
30.424	330
52.5169	270
80.2692	840
147.423	210
70.6412	90
1.20031	30
74.8685	120
43.8776	240
4.09454	30
18.2156	30
5.63935	270
26.09	60
23.5609	60
11.4497	30
5.29046	30
17.521	210
37.8417	480
8.54947	30
42.2423	450
20.6938	360
31.7957	30
31.5234	210
668.759	1710
55.0482	270
14.2442	30
14.7926	30
42.8029	90
2.25145	30
521.462	990
408.679	750
523.712	930
18.1649	510
32.1058	120
12.9445	60
31.1873	210
32.7264	120
9.94309	1350
28.4292	690
55.2105	360
21.8906	30
47.2568	390
19.9633	1500
1347.49	2520
7.79682	450
12.7297	810
4.03789	60
2.81262	60
12.5406	270
14.4649	180
52.0765	600
13.9824	120
8.52943	180
18.5842	30
1.95771	90
37.2839	960
12.8271	720
33.2145	750
8.78209	90
23.3662	240
16.3075	420
45.8943	180
15.4782	30
54.3157	270
30.8403	300
941.752	1620
12.8298	30
39.1455	240
14.6376	330
14.413	30
5.13828	900
0.203273	30
122.994	90
25.7803	300
168.307	150
907.016	1740
7.48222	300
8.83526	240
9.18925	900
3.21544	60
5.0901	330
22.9572	300
17.0054	660
8.60911	390
25.6241	270
27.2635	60
33.0184	90
7.27492	30
10.5053	90
898.521	720
23.4959	60
3.8231	30
113.547	210
0.990725	30
976.041	1350
35.7717	210
20.1849	60
15.394	30
16.7326	60
20.6457	120
21.8354	180
11.5569	120
13.1147	60
13.414	90
968.678	750
973.05	840
5.66884	30
34.6522	390
12.7981	30
37.8629	300
31.4643	870
71.4921	60
7.89974	1230
12.4238	420
11.8484	30
13.3286	30
60.0477	90
69.9217	150
27.0622	690
33.8273	300
45.7186	780
21.2582	60
9.25493	660
7.57649	1170
8.47432	60
22.4418	270
11.1747	120
63.83	1020
11.3944	30
11.6101	30
37.8147	2070
0.98206	30
36.8158	990
16.2464	330
27.9357	540
8.88592	30
19.3863	60
12.3206	30
80.0046	480
59.3279	90
23.4812	150
15.7445	150
22.4197	60
26.5126	210
11.6903	210
12.8098	180
20.7107	150
31.3482	1080
13.2218	1170
10.8805	30
11.1892	240
6.65846	60
120.094	450
18.9803	90
19.4057	120
22.6318	1140
11.5344	60
11.2469	30
24.4523	420
44.3431	90
12.3746	120
8.86388	60
6.72045	30
27.5848	30
159.035	210
463.541	570
3777.89	1950
2595.26	810
159.349	240
2369.27	570
3509.87	1410
198.391	240
1004.65	1050
38.7664	150
288.879	390
19	60
887.763	1020
24.4159	30
76.0733	150
13.7478	90
5.04231	60
12.2848	30
12.8478	120
12.661	30
3.92518	60
10.9906	360
10.3739	30
8.98734	390
94.8949	600
27.026	240
15.4433	30
37.4222	180
910.352	1020
8.52142	30
19.8859	660
124.055	120
11.6412	30
149.872	180
271.48	120
2.41935	30
255.938	210
847.698	840
20.9083	60
13.5213	60
13.5191	180
10.7837	90
34.9908	750
7.01067	30
9.74672	30
11.1874	90
12.4177	30
6.18454	30
11.0738	60
24.2987	90
9.69019	120
5.58422	30
16.7524	30
35.4354	120
26.8276	510
12.0888	60
17.4102	120
4.06342	30
3.61897	240
551.309	480
86.3948	90
4163.49	2490
2438.56	690
352.791	60
3258.98	1410
144.625	90
5.24289	30
7.20062	60
1367.09	330
1316.08	270
1.22573	30
7.91742	30
6.77004	30
3.12457	30
3.8554	30
4.33935	30
6.39044	30
3.87326	30
8.73677	30
5.4309	30
5.56411	30
1.96352	30
4.93587	30
6.65949	30
5.72968	30
5.47435	30
5.32616	30
0.490123	30
7.19499	30
6.17065	30
7.54096	60
3.06071	30
5.69983	30
3.96357	30
6.58788	30
8.87102	30
7.99653	30
4.8668	30
1.43308	30
5.33588	30
5.75735	30
1959.24	1530
85.8721	150
5.57336	270
31.1396	180
34.4091	420
11.9366	30
91.2894	270
69.9424	90
35.7342	600
83.3152	420
80.7812	90
54.8788	240
45.7077	30
2.50248	30
29.9555	210
27.1747	480
34.7006	30
26.6121	120
63.7093	150
36.8942	90
2.33432	30
10.0803	540
50.9345	90
48.7208	150
58.2726	240
74.7435	450
67.478	300
70.3348	90
67.5306	60
47.693	330
212.237	120
79.9873	150
108.748	90
11.2834	30
12.0903	30
41.2974	270
569.442	900
72.6237	570
14.6	1200
22.9881	450
64.348	150
40.8903	1020
144.468	390
9.83567	150
20.7638	120
28.8743	330
2247.89	1560
378.593	180
116.658	180
13.5551	30
8.22268	30
2429.58	600
519.899	720
99.5345	240
81.6883	180
11.2873	60
9.71648	480
20.224	30
35.4345	120
31.8761	60
2.92548	30
11.8219	450
21.9341	90
453.164	720
470.887	510
3.50089	60
2.9906	30
16.7307	60
4.15467	30
5.02176	30
7.07367	30
13.5996	30
4.16565	30
7.34921	30
8.56318	30
1148	630
8.12973	30
11.1632	30
19.0753	60
36.5128	180
0.995512	30
47.6551	330
45.6629	90
626.889	630
20.2174	30
2.35203	30
674.479	360
43.3128	210
12.3488	30
12.8178	30
5.22744	30
24.5354	330
26.7646	240
276.713	1470
235.275	420
543.295	270
5.29732	30
1.72545	30
8.36255	30
7.92002	30
6.99313	30
10.5984	30
464.453	270
7.80933	30
11.9465	60
1.13923	30
6.10079	30
7.2085	30
2.69769	180
4.95068	30
5.34982	180
7.27882	30
4.98874	120
781.336	300
7.17951	30
10.1094	30
9.67173	30
20.5824	150
14.3401	30
1.94718	30
1.56047	60
4.10739	30
6.78322	30
6.48293	30
2.71331	30
7.98652	30
10.8868	30
2.71405	30
954.315	540
1612.76	570
2031.96	1500
199.142	330
58.1558	270
990.348	240
2.49098	30
4331.22	3540
25.0845	600
145.243	390
8.17612	30
7.63504	30
6.89708	120
11.516	30
23.5404	2520
24.8367	1320
11.3517	30
1.57483	30
3.60795	90
17.4031	240
33.5051	330
24.638	330
12.6764	30
14.9218	30
11.6729	30
55.0462	210
22.8773	60
13.3994	180
6.46232	30
11.2221	30
1.82118	90
9.4213	60
51.3144	120
498.637	630
6.60771	30
24.1681	450
7.15879	180
15.1735	210
21.6782	90
24.0192	60
79.0861	1170
13.1602	150
24.8355	300
118.303	180
9.87721	120
28.3577	60
181.425	930
27.8849	60
29.4926	630
6.14301	30
80.1083	780
40.1297	450
159.85	720
65.8047	180
11.0777	90
436.575	720
11.8933	30
19.8855	2010
170.597	330
104.024	390
11.2048	30
30.949	30
920.298	900
881.466	1050
64.4616	90
921.739	1320
15.2814	120
8.52608	60
22.6517	780
23.7472	330
13.8086	90
1.92024	30
6.39039	30
12.2002	30
0.615	120
11.5957	120
18.2859	150
7.69446	150
6.51128	30
7.01692	120
6.73962	90
7.34144	30
11.7567	30
9.67767	30
43.7649	150
15.2372	30
15.5721	30
25.5331	60
8.66373	60
20.5908	90
10.38	270
8.11233	210
12.239	90
11.3845	30
4.43593	30
28.6379	120
272.848	570
2.89317	30
4.70266	60
3.93039	30
2.61769	210
4.31142	60
9.29931	30
7.71024	30
8.1362	60
6.14178	120
3.7898	60
8.66427	120
13.0086	120
96.4468	240
86.2915	360
413.579	840
104.674	480
51.3421	360
773.683	960
135.779	2310
27.8002	930
87.9577	180
90.3344	90
10.2282	120
37.0456	390
33.5494	2550
55.1101	90
1.85648	30
5.25296	30
4.4455	30
9.85954	60
26.3347	540
7.77108	30
11.6204	30
6.80912	90
2.59955	90
5.52108	90
6.5672	90
14.7072	90
19.2173	90
0.533667	60
5.00425	30
5.32634	30
8.63224	30
5.34981	30
17.1984	60
2.61594	30
7.57932	90
13.4129	30
5.62678	30
19.3801	240
1.81828	60
8.38511	30
10.9482	90
9.64537	30
11.763	90
15.8117	450
21.3618	240
22.9027	270
2.36848	150
23.1458	90
6.14546	150
0.689606	30
8.65519	60
13.6782	30
3.94142	480
18.2105	210
262.23	720
1481.63	1080
826.784	690
134.662	690
1844.31	1140
1228.64	330
600.125	300
227.502	180
61.22	360
97.0089	630
96.7884	240
1309.69	1140
1383.12	1080
37.4846	1860
11.0357	1020
1.64623	30
1027.19	450
71.649	90
339.274	1350
5.70161	30
1118.97	840
12.8408	60
1312.73	690
4.61097	30
83.2028	390
42.5738	60
10.8485	30
21.2469	120
46.214	90
35.8712	270
3.45089	150
6.07297	60
19.2913	60
8.57401	120
7.24402	30
33.8562	150
10.6124	30
12.5526	30
24.8508	210
27.6838	120
256.043	990
5.30277	30
5.56806	60
12.4033	240
17.5641	150
3.98278	60
49.9945	1770
61.729	690
77.7478	630
17.2773	60
642.743	990
719.954	1800
3.54123	60
4.97472	30
2.60259	780
3.44346	90
4.74183	330
9.63704	90
4.72424	240
12.5397	540
11.8866	150
34.7256	270
8.53561	30
13.5985	30
7.07205	480
37.0622	240
38.1569	360
54.7292	240
39.7571	120
702.914	750
20.4306	180
13.2127	30
13.6692	30
46.6811	150
39.132	450
637.152	330
39.6182	330
12.4527	2700
13.0274	1080
16.0102	60
43.8452	540
102.295	540
7.73088	30
9.44448	30
14.2616	360
13.5485	30
103.268	270
114.283	1200
7.62606	60
71.8249	1230
1.89079	30
56.0409	810
65.1084	480
9.19045	330
26.6397	630
21.5177	1260
7.66703	30
4.99054	210
16.055	30
16.4776	300
2.31099	30
16.6392	600
690.746	1110
317.917	1380
891.735	360
9.16063	30
8.35569	60
7.3375	30
195.044	240
9.16655	300
13.4259	360
34.48	180
42.1593	330
31.9036	450
11.1163	30
10.9563	60
921.031	3090
44.1478	2610
13.3412	360
10.5405	810
11.4297	30
333.524	6210
149.013	570
89.4175	120
46.2575	840
60.9032	780
11.3599	30
49.4404	390
19.0314	210
6.17298	960
28.7249	180
8.9655	30
28.8158	150
17.8146	150
181.677	1230
52.5068	1380
33.6841	2490
16.2279	480
8.00206	30
56.1859	330
207.355	210
114.368	540
16.6906	330
7.06109	240
2.09731	390
18.1987	120
19.6083	60
5.34356	240
1.86919	210
2.07406	60
656.485	2310
39.6112	570
10.1571	30
23.9159	1680
35.936	1050
22.9628	1800
9.79169	90
27.7659	420
9.92914	30
9.6418	60
3.60601	300
6.42344	60
6.70621	210
8.88784	120
7.86606	30
1.78455	30
14.2703	150
7.39222	30
57.3871	270
848.247	300
764.118	630
5.71671	90
6.72121	30
8.93782	30
6.45258	30
12.7588	120
7.61016	120
5.70025	60
769.981	750
135.135	480
22.2196	90
2.2553	30
124.071	240
153.403	5430
333.956	720
39.0564	210
595.797	540
687.295	360
823.629	270
499.156	150
1386.39	330
13.2415	60
12.0445	30
5.27174	30
4.53	30
8.2864	30
501.594	1200
6.62835	30
21.3148	30
6.10435	360
27.4503	270
33.1465	690
10.4436	60
9.00587	930
35.4346	60
834.969	2220
16.4633	330
885.286	1560
29.763	90
464.099	540
187.957	330
154.258	240
15.5181	540
648.991	780
24.6583	330
12.8838	540
3.86215	120
12.8915	30
16.001	930
9.28758	180
8.70474	330
6.89468	60
13.8766	60
7.13553	150
3.24927	90
2.48997	30
0.777052	30
3.696	30
24.9825	90
13.0495	60
10.6702	30
2.89183	120
8.47112	300
11.3639	30
3.86279	150
6.95242	30
2.39391	60
1.50855	30
2.97422	30
10.7381	30
8.23277	150
7.31446	30
5.07973	60
5.43818	30
15.8447	840
2.63823	30
23.0194	900
6.67278	60
17.8206	30
13.2515	360
640.871	1650
52.1097	30
23.8998	60
34.3798	120
20.6168	150
3.7532	90
11.8895	30
2.09118	60
2.08789	30
4.19742	30
5.09866	180
6.83476	30
22.2576	360
12.3367	240
21.3141	210
32.3734	60
34.6162	390
31.8373	930
41.3846	540
5.84331	930
8.80999	30
32.6922	150
11.5449	30
11.2327	90
16.5237	30
16.5584	300
12.8191	60
258.815	1110
42.7691	450
25.0007	630
11.7201	300
25.4372	270
12.3061	60
8.54645	30
24.4028	390
11.9752	30
8.79524	30
7.41864	90
15.5619	60
30.4757	180
30.8347	540
21.5793	210
393.692	1140
32.9717	1530
19.1739	810
38.9811	1350
440.604	1650
57.4959	120
180.459	270
59.4948	1020
10.6955	30
34.5517	150
7.92205	210
5.92595	480
253.613	5490
56.0179	450
89.791	1050
43.4499	480
38.1993	1140
54.6817	450
27.8519	60
4.65906	90
6.23767	30
16.4609	210
24.4111	600
9.3384	990
8.49205	120
28.9755	960
117.13	480
168.392	360
346.622	1590
2.42326	90
8.05395	90
6.65284	150
5.74725	180
3.28193	210
5.56031	90
14.2634	90
10.3503	30
0.77908	210
1.63576	60
13.1242	30
18.2898	3900
2.21362	150
15.1084	150
21.8631	180
11.3708	360
11.8519	60
4.4031	30
25.2925	270
18.8739	210
5.6298	30
7.80767	510
13.2304	120
38.05	120
155.368	450
442.586	1080
39.8464	210
6.0631	30
7.98412	30
23.0942	30
13.9396	30
23.5483	120
6.85873	30
4.3511	60
4.3859	210
7.07435	30
14.2401	30
2.99273	30
5.26019	30
2.85495	90
22.4492	60
22.1657	90
6.11689	30
5.04948	30
9.83047	30
7.47006	30
13.4301	30
13.1102	30
24.5274	60
5.52696	30
8.71125	30
25.4753	60
10.4274	30
13.8924	780
5.92756	180
21.062	90
28.1006	180
31.2824	150
2.75058	90
20.6296	300
7.358	240
17.8087	120
11.1179	270
21.6235	360
301.096	960
6.74989	540
23.6558	210
25.7568	90
14.4798	180
8.29855	270
7.51503	90
9.94092	150
8.78815	30
12.2752	30
18.2898	90
22.2444	540
6.07069	60
18.5211	150
29.0581	720
13.995	420
7.86516	90
16.0557	750
5.6472	120
9.31297	30
24.261	360
9.39409	30
11.6666	30
9.19812	30
10.2576	270
26.4471	780
9.7177	30
48.1197	330
8.64493	30
20.3658	480
133.547	1170
11.6904	30
703.312	600
1.59229	30
535.479	510
203.223	600
20.9399	90
9.88632	120
29.7337	240
1.59418	30
539.193	2910
4.02432	60
16.6102	150
1.91975	540
24.4915	90
9.49479	30
8.63845	540
10.7752	540
4.98203	30
3.2547	210
5.66141	60
5.90244	60
29.667	240
19.1856	600
4.5921	30
7.09495	60
8.15651	30
1.22459	30
12.3126	150
3.67809	30
5.92768	90
4.71718	30
1.7388	90
3.55394	30
3.67345	30
5.46517	30
23.7617	690
35.1006	510
1.57213	180
7.5788	420
14.6833	540
14.041	150
34.1052	180
8.97724	30
32.1472	300
33.819	450
9.35461	30
34.3767	210
35.5645	720
8.65958	30
4.74508	90
9.06115	30
11.7387	60
4.2961	30
4.78218	30
6.29975	30
6.39963	30
8.12929	30
11.1493	30
5.74033	30
9.45413	30
10.7582	300
380.782	1560
40.7021	510
78.3405	540
157.859	330
8.70224	330
117.077	540
1112.55	2040
209.06	450
171.205	180
78.6706	180
1145.67	1290
556.904	1050
11.4559	90
10.169	180
12.4915	30
7.03834	120
12.726	360
3.20101	30
2.79239	60
4.46529	540
6.57733	330
14.3498	360
20.0203	1380
9.77337	540
377.52	360
419.616	690
0.552004	30
820.022	780
29.018	60
6.07832	30
42.0609	120
15.5225	120
15.5599	90
6.27335	30
13.7078	240
20.1813	240
11.6293	150
4.73423	30
5.18074	30
13.402	90
10.4529	30
11.573	30
7.21016	30
9.22342	30
9.56854	150
13.4878	30
6.58935	30
11.365	30
10.7622	150
18.4869	180
15.4727	30
9.43655	30
4.50151	30
12.0516	330
11.1271	30
10.1802	150
6.20238	30
5.53482	30
22.1575	180
21.27	690
14.8475	180
22.1119	30
18.5908	30
6.54066	1020
6.00961	90
12.8109	30
5.88968	150
11.6167	30
4.625	360
8.08165	30
15.5416	30
664.078	1650
10.1215	30
5.45565	90
19.8675	480
59.7153	570
304.932	2490
285.432	1110
614.719	960
196.422	510
594.95	630
2.25092	30
64.9801	660
115.115	120
61.65	60
98.3016	90
34.3348	120
483.833	120
730.024	270
5.57743	30
43.9439	60
840.679	540
3.70184	30
60.0085	330
3.36413	30
7.47936	30
4.74456	30
7.74377	30
8.14855	30
8.0956	30
9.84207	120
15.5327	30
9.17415	180
19.1731	90
6.71252	150
41.4672	900
19.1532	360
26.9544	150
6.91788	180
18.9377	30
2.36718	30
679.198	1410
120.506	270
518.252	1380
12.1108	30
11.0363	30
11.4253	90
19.8594	270
33.485	720
11.226	30
100.071	150
100.262	120
9.08211	30
19.5486	660
64.7504	510
181.969	450
673.642	300
195.084	690
14.3341	180
9.56952	480
64.3848	210
6.65646	180
18.1154	60
88.3616	1680
187.031	300
153.787	600
60.1587	1200
44.4554	330
42.0235	60
90.1721	90
41.1124	30
11.1403	30
12.456	30
46.4293	120
56.0227	60
168.192	390
11.3757	30
11.5441	30
49.5759	180
24.5638	180
78.0348	120
38.988	150
89.0925	240
119.245	150
7.5524	120
10.2135	30
9.15695	120
17.9468	150
21.3642	840
41.7467	90
19.107	810
4.2938	210
226.729	1200
254.549	1230
1.3007	30
842.617	330
1.06187	30
60.5727	2340
8.45669	2010
12.3134	510
3.64281	1230
16.3564	450
17.5683	60
16.4237	180
16.0571	1230
5.23716	540
20.2329	30
19.1808	60
4.16113	270
5.60023	150
2.64253	510
10.6824	930
85.4922	300
105.684	1380
7.44458	30
45.1906	120
45.1147	180
4.75971	30
7.07728	150
16.85	270
2.02149	60
25.6564	60
10.3378	90
23.3149	270
26.3572	60
15.9965	30
5.40487	30
4.12258	30
12.3301	180
13.3026	30
6.11304	30
19.6647	60
6.47013	120
18.7177	30
12.426	30
21.0027	90
9.92988	30
5.81969	30
6.58426	30
33.2731	420
25.1122	60
43.0705	300
162.732	1080
435.745	1200
17.0306	480
335.888	390
389.105	1590
555.518	810
7.73675	180
50.4757	240
19.0841	300
21.3661	1470
7.25767	30
15.2242	30
0.985838	30
1.56229	90
1.75381	150
15.9096	300
17.9461	150
18.947	240
8.58657	270
16.2906	360
3.97662	210
11.2763	1290
19.8296	210
15.7997	90
11.3054	90
11.5331	90
1419.6	1320
1459.9	1380
100.674	210
14.1877	300
20.2555	330
16.0965	240
19.4671	60
4.06631	510
12.2122	300
11.4654	930
7.04308	30
29.215	1320
21.3593	540
19.0616	90
11.0818	30
9.78215	60
7.35421	510
6.19235	120
11.6097	120
5.65983	210
6.70955	390
12.9143	30
3.76363	30
11.4107	30
20.3005	990
32.8135	660
10.0006	180
2.49115	120
3.66405	90
16.3923	720
22.9612	150
33.2155	210
3.00047	90
31.6667	210
32.7722	60
111.276	510
125.031	240
169.275	540
778.122	2430
1.47954	270
9.9186	600
19.0842	120
5.926	480
12.2797	360
127.686	1920
125.949	510
28.1207	90
40.3771	180
19.7914	330
13.4429	210
10.8378	30
11.1272	270
11.6675	30
13.1406	30
7.59712	30
22.6043	660
4.7979	30
10.3215	30
38.4368	210
84.4506	300
107.42	570
62.8764	450
10.7798	30
11.748	30
454.087	1140
28.8627	210
10.9195	30
141.216	1050
11.5587	30
86.5447	180
19.6684	90
28.3859	330
15.9557	60
16.9345	60
22.1958	510
7.85743	30
15.8376	30
7.57329	30
2.08312	30
5.07505	90
9.64478	120
428.995	690
34.5304	240
52.5135	270
54.9553	1170
34.2499	930
11.9816	30
27.887	480
19.3433	150
5.87005	30
8.15772	30
14.6384	30
6.1122	60
10.8594	30
12.3368	30
1.44589	60
2.23495	150
6.32002	90
7.46948	60
3.10741	120
2.06101	90
4.33346	60
7.69396	60
4.18278	60
10.5662	90
8.8227	510
7.1736	30
289.875	1050
0.617376	30
606.361	720
113.374	450
135.879	2580
14.9609	30
14.7002	330
5.34559	180
14.3927	30
4.6521	60
84.1229	270
28.8849	180
18.2972	210
6.09829	270
148.032	2550
23.1667	240
38.2383	240
15.0431	30
8.20937	120
19.1107	30
15.5577	90
1.01909	120
5.39172	90
1.41739	60
17.2606	30
7.77425	30
5.08665	150
4.53813	60
9.7804	30
4.51946	90
17.4052	120
18.3577	810
3.37814	30
7.46867	30
19.9533	210
10.7643	30
4.93073	30
3.36518	150
2.24988	30
1.54732	90
7.29973	30
25.2182	210
16.3024	240
5.61229	300
534.879	540
186.998	840
27.2654	120
28.1601	510
32.5323	480
473.681	1530
488.889	1350
23.4165	360
11.1431	30
66.2007	150
78.1193	180
9.67625	30
16.5674	510
4.38971	2070
7.12271	120
8.30424	240
64.5437	150
77.211	570
589.766	1500
54.0459	1020
88.9739	3090
14.0851	1170
8.38467	30
14.4045	540
3.04862	90
60.8036	840
16.7039	240
19.4267	630
72.3931	300
159.806	690
212.159	360
15.5637	120
103.096	300
23.8897	480
14.2566	30
14.4727	30
49.6892	120
65.5488	690
36.7021	150
128.746	240
35.5818	840
10.0277	750
3.8569	180
5.83244	30
1.08201	90
11.4738	30
14.4345	90
4.26766	30
3.50032	30
14.3307	30
11.9043	90
12.0053	30
13.0636	30
11.5447	90
11.3365	210
8.63517	30
8.29768	30
15.474	240
20.2753	810
13.184	180
25.8927	90
46.6198	420
10.8422	30
22.6698	390
20.7573	30
17.9453	1530
36.5726	870
17.2989	30
46.855	420
28.0793	180
5.53924	510
11.2605	30
3.42308	750
30.8104	360
6.3591	180
4.4853	210
57.0339	660
51.9929	60
8.45186	120
13.466	450
16.8744	150
12.3337	30
50.8858	360
49.0463	120
47.3728	210
59.8534	450
14.6853	60
2.19016	60
542.94	2400
1003.49	630
3.14953	30
6.50025	180
1.82584	60
3.43734	60
4.84239	330
4.55584	810
657.911	660
13.6999	30
605.904	1500
3.27952	30
23.844	120
18.5355	660
7.86399	390
48.4756	120
21.099	90
9.13976	30
158.434	630
612.834	960
573.167	2130
8.69807	60
36.1532	270
16.7175	420
23.1162	120
3.9214	1230
432.096	750
94.1378	180
100.343	90
12.2006	30
12.9394	30
35.1438	1200
497.144	570
8.60565	30
1639.61	1380
125.653	60
121.543	60
2363.28	510
20.8014	60
7.74469	30
72.3667	90
1.50359	30
5.24753	30
3907.07	1560
816.543	270
2.65153	780
258.612	240
253.522	840
5.00075	30
4.45332	30
5.55842	30
2.99685	30
3.81881	30
4.47386	30
15.1855	30
2.24103	150
4.49491	30
3.07234	30
8.17882	90
3.7981	30
3.22593	30
4.32043	30
4.79575	90
4.25674	30
3.47595	120
13.1951	60
13.9457	60
5.96462	30
4.81317	150
1.24061	60
8.85147	30
3.66478	30
5.0107	30
7.17173	30
1.75263	30
3.57533	30
1.61845	30
5.57082	60
2.41736	60
1.37262	60
1.60428	30
3.33098	210
14.9519	330
15.6278	30
18.1887	30
4.67999	30
4.40857	30
1.69956	30
4.39351	30
4.32175	60
9.33007	90
9.79925	30
37.8163	150
22.8157	90
8.58771	30
2.09838	210
36.8635	90
17.8215	60
8.91862	30
9.15351	60
212.077	660
14.8574	30
17.4299	60
14.5183	570
46.5863	1350
11.6273	30
12.3114	30
50.7528	210
27.9482	180
22.7392	90
29.617	600
418.281	1020
562.18	540
675.391	1050
817.555	480
840.289	690
57.6998	60
2.46855	30
663.438	450
671.899	870
17.1311	60
62.7533	210
11.2732	30
25.3981	960
5.01038	90
35.3615	330
16.0071	30
1.55709	90
5.7916	150
4.28358	30
7.49332	120
3.7773	60
4.42064	210
6.84329	30
4.55657	180
2.95027	660
4.04984	180
31.202	150
21.611	60
13.3578	90
23.8127	570
9.83521	210
2.34264	330
31.0307	390
20.123	3270
17.9231	750
15.4736	210
5.18389	30
12.5743	180
3.93971	90
13.987	30
23.5955	60
12.8331	90
16.2885	180
5.05944	150
10.4708	120
8.51766	210
6.92451	30
5.56876	210
8.2278	120
8.46957	240
10.0421	30
9.47014	120
1.20218	30
14.3758	480
4.16	30
8.55829	180
48.0006	150
25.4209	600
17.3722	810
8.43872	660
10.9321	30
15.3219	1440
8.85386	1560
12.1004	90
11.395	30
8.90429	30
11.1532	30
12.4517	360
37.7573	150
9.03385	120
3.36151	30
5.22965	90
39.7105	180
19.3482	60
23.8012	150
12.0345	1110
16.5693	270
7.25092	30
3.64516	30
12.2627	30
9.86917	60
2.26871	30
1.13035	180
0.705372	240
5.75885	30
8.57053	120
6.78278	90
8.30649	90
13.3217	1170
13.7853	60
12.2096	390
14.7567	330
17.9753	60
9.76915	570
25.0775	600
43.4213	270
30.4828	120
11.2371	60
33.8778	630
44.4855	480
6.83029	300
11.9804	60
11.7972	90
2.7694	30
0.254232	30
1297.88	1890
19.4782	510
697.223	1080
546	1350
125.678	240
553.443	360
522.034	840
85.3938	540
50.6579	150
44.7921	510
1.72767	120
450.741	1770
8.8068	570
18.2879	660
481.047	630
374.744	360
152.883	270
22.8442	60
9.16198	30
7.50447	30
164.473	120
340.774	810
343.25	150
7.15292	30
6.69932	30
10.8078	30
13.9386	30
3.80785	120
3.0209	30
2.0988	30
1.34697	30
1.4622	30
2.69922	30
7.17706	30
14.3833	60
0.846362	30
2.8031	30
4.93101	120
2.54804	180
11.3917	90
8.19867	30
3.16948	210
1.02522	30
5.70204	120
0.311193	60
3.96693	60
11.7121	30
5.5761	30
4.34204	30
2.95578	60
8.13184	30
10.0748	30
15.5444	150
6.46217	30
11.2756	90
1.45505	30
11.9297	30
11.6963	30
11.214	30
2.04073	30
2.16389	30
3.40231	30
0.84645	30
4.44224	30
4.11571	30
2.40218	60
0.678565	60
2.08208	30
4.52104	30
5.15827	30
9.5528	30
3.75299	30
5.34654	60
2.01365	30
3.17289	30
8.732	30
3.64256	60
4.96649	30
2.49452	60
24.4768	90
5.79282	30
10.304	30
7.96652	30
7.05466	30
3.69116	30
8.33235	30
13.9956	210
19.8771	60
26.3713	60
11.6942	90
11.1004	90
7.37865	60
12.1807	90
25.4827	210
10.0196	240
22.0384	60
14.4972	60
9.22781	30
21.0445	150
21.2835	30
5.1723	60
1.38121	60
5.89445	120
16.1895	300
22.1205	60
1.32689	120
20.6789	270
3.94488	30
32.6567	90
2.56468	30
13.2187	60
10.8807	30
8.71253	30
6.84873	30
23.9812	60
18.3929	30
4.91332	30
7.0393	300
22.5321	30
10.0778	30
1489.59	2970
659.201	690
1076.43	1230
12.9567	30
11.514	30
7.80444	30
2.91046	30
5.06453	60
154.112	150
456.097	420
64.6825	360
103.029	1590
43.2823	570
6.63661	30
6.62407	30
7.53257	30
7.14053	120
5.58539	30
11.0582	30
258.336	300
93.4822	180
816.245	2490
0.71207	30
154.437	180
670.516	1020
7.52808	60
8.4619	30
15.5556	30
8.4478	30
5.09378	30
3.63675	90
1.6168	60
7.86851	30
12.7866	60
5.43361	120
5.7982	30
18.0195	30
14.2354	60
7.27419	60
2.22879	90
4.51304	30
11.9388	300
5.82207	30
6.60221	60
14.1811	60
4.18914	150
2.01311	30
7.58286	60
10.4123	30
2.68583	240
7.60891	60
4.04999	90
0.343456	30
8.24961	30
5.08933	150
2.15339	30
12.1527	270
2.20532	120
3.02665	30
2.03986	30
10.0699	30
7.96233	30
463.806	450
132.421	120
175.323	150
64.3687	120
58.9483	750
11.4729	30
20.4071	690
279.775	810
281.475	510
44.9551	1620
13.0046	30
11.0718	1470
32.6334	420
14.032	30
14.7879	30
49.6037	90
76.9113	120
353.322	150
1508.93	990
38.1536	240
29.336	120
1.75578	30
82.345	150
1682.04	840
24.5448	150
455.901	1170
8.44068	240
6.4839	1620
6.08795	60
1.04596	60
3.83414	60
9.17629	30
1.31811	60
12.586	60
7.89113	30
22.8478	300
4.0986	90
3.27668	60
8.56384	30
22.6113	30
27.8193	120
3.92247	30
12.7918	180
7.8423	30
3.96834	30
2.77549	30
1.83665	210
4.92181	30
1.14311	30
3.77565	90
9.16769	90
12.1918	90
9.17215	30
10.5908	300
10.5064	120
14.575	90
11.5972	330
9.04609	30
15.717	60
15.1047	30
5.42556	240
8.83243	30
0.222948	60
9.73044	30
9.18808	180
14.1007	360
13.0929	30
2.90528	90
4.74356	30
7.20145	270
2.87434	90
7.33452	150
6.68486	210
3.47511	150
3.16424	30
5.20524	90
3.90553	30
1.61072	30
11.7639	120
9.18584	30
8.22329	30
8.43542	30
4.93758	600
3.94489	120
3.55188	30
2.61362	30
5.05181	90
269.652	240
9.14854	30
21.4858	210
11.3232	30
11.3636	120
4.85271	120
7.33551	150
8.79515	30
13.1222	60
12.6849	30
10.7965	150
8.21002	90
22.889	450
23.0319	180
8.96485	30
13.8016	180
6.14811	30
13.4049	60
9.50018	30
24.3877	180
20.7337	240
8.70306	30
3.21262	210
2.90564	60
10.2883	30
2.8772	60
6.90933	30
13.9199	30
1.31486	60
20.9547	60
10.6101	90
6.29918	30
4.28315	30
2.50961	30
13.2993	30
8.96828	120
11.4423	180
12.348	390
21.885	420
1128.59	1200
91.7406	120
5.3887	30
1444.76	780
645.644	870
10.9546	4170
22.6061	330
15.3084	330
30.8879	60
104.46	720
61.0903	240
81.9642	60
192.369	420
898.783	2160
24.6198	240
3.72544	30
4591.7	1830
14.7706	1470
10.9972	480
12.3281	30
11.7441	30
26.2204	1350
50.3644	810
40.4974	630
25.6972	60
8.34367	330
2.98933	120
6.83081	60
11.9721	30
3.47587	330
8.07643	30
3.64968	300
16.1103	120
9.31679	150
8.51146	30
13.5209	420
5.72357	30
11.0693	30
12.7114	30
1.33297	120
5.22698	120
6.69104	60
4.06754	780
13.6885	810
23.32	570
40.702	90
2379.9	570
9.86519	30
8.23559	180
1144.33	1110
50.6139	480
1201.74	1710
40.6523	180
20.3241	180
291.569	690
363.189	450
755.031	780
412.15	1080
43.1115	60
19.9287	1950
85.5775	750
77.9493	120
19.7689	90
173.389	450
7552.78	3360
60.6096	120
7374.67	6900
46.9779	1230
9.13857	90
12.7281	30
23.5311	30
2.75754	90
1.63034	30
6.48153	30
4.39972	30
2.88356	30
5.65434	150
1.55268	60
14.4219	30
2.94369	60
12.3347	30
10.9787	30
3.01094	30
11.1416	240
3.86592	180
8.35586	120
22.245	60
10.7239	30
11.2785	120
3.97102	30
9.29313	30
7.58271	30
9.6067	30
4.21161	30
15.0636	30
3.45879	30
5.12947	30
7.99116	30
3.74858	90
0.444113	30
1.87567	60
8.93167	90
10.9463	30
3.10516	90
7.38006	90
2.31647	90
777.32	1050
126.036	870
50.5907	990
11.5932	30
107.167	240
97.244	300
135.308	180
95.0049	600
91.4754	960
67.8797	150
11.226	30
14.3234	30
36.995	570
18.6372	600
177.443	360
39.71	240
41.0439	180
20.6042	30
13.6925	30
6.16585	720
14.3799	30
32.3919	1740
14.0459	360
21.4096	90
164.47	210
4.72546	210
157.435	150
4.28242	540
106.895	570
123.214	210
127.473	1440
126.966	1350
52.2253	540
657.236	930
6.8602	180
15.8943	90
8.57769	120
9.36212	30
5.29424	90
13.743	30
4.27246	240
3.67401	90
20.6664	120
13.4336	30
4.57352	120
9.32363	30
44.8844	930
39.4421	120
2.84769	30
15.0867	90
2.78996	30
15.3443	30
22.735	90
20.8615	60
16.3201	30
38.2103	270
54.3052	270
30.1695	90
11.1514	30
20.1731	30
33.503	150
9.475	120
23.0552	570
12.1021	60
18.4761	210
15.2432	450
18.44	120
6.15123	30
9.8669	30
12.7686	30
12.3926	30
13.0877	30
20.0618	60
13.0871	300
58.9173	1860
18.7733	210
10.6738	780
15.7766	30
8.19214	150
7.56033	30
3.68698	450
5.96825	30
3.37534	30
6.05613	30
3.0217	90
1.91669	30
3.35517	30
3.76891	30
13.4752	90
12.0872	60
3.78188	330
7.291	120
20.0835	180
48.6762	450
40.6671	150
10.5951	870
33.0926	1710
51.9949	510
16.3936	1380
15.4973	120
6.53753	30
7.23467	60
3.5436	30
10.0389	30
5.35348	30
8.2184	210
13.165	90
7.475	30
12.5307	150
12.743	60
11.5024	30
10.7386	30
11.9667	30
10.8714	30
43.1007	120
42.1931	390
51.8217	1530
12.2538	120
36.6916	690
3.36041	210
24.7947	540
2.6748	180
12.3518	600
10.7302	30
4.63047	60
18.4534	120
14.2528	90
15.4838	30
36.4404	150
119.107	2610
56.3235	180
44.8147	840
5.77517	180
20.3409	60
1.61271	60
4.88973	60
31.267	90
1.53329	30
5.46726	60
40.2142	600
46.6249	1050
17.7579	360
9.34872	480
3.65443	120
52.8625	60
92.2793	90
41.5414	510
21.4676	210
13.8051	750
1.65484	60
5.7725	180
6.7863	90
62.9001	1320
141.731	930
84.3169	870
12.9608	120
8.00399	30
10.6296	30
16.6471	30
32.4618	570
15.9665	30
11.4802	90
27.9361	360
32.1489	270
10.8738	180
5.6255	390
4.64203	90
18.5427	90
23.039	180
5.90101	240
12.159	180
7.35412	30
17.8373	90
4.60566	90
11.1088	300
25.6073	30
21.3987	120
4.95237	360
9.79364	30
14.2919	120
16.6781	450
8.87328	210
56.7293	180
45.7707	240
9.07818	600
18.4129	420
4.80015	150
14.4016	240
32.2065	90
30.9333	150
34.544	60
14.3754	90
47.0266	270
16.2747	60
14.7373	30
35.7318	90
23.1231	180
6.15237	60
15.4067	60
11.7214	30
21.6331	90
3.55409	30
8.62384	270
6.71911	30
32.4664	30
20.866	90
24.5191	60
14.348	30
11.8645	30
7.29203	30
3.70078	240
7.81096	210
3.49068	60
9.04108	30
13.5433	540
12.0774	150
10.0668	30
27.8539	420
19.7751	60
7.95289	180
0.846372	30
8.76942	30
14.4201	30
2.96363	30
20.1381	120
16.5424	30
36.9215	180
10.0939	30
33.7085	30
618.842	1080
50.2361	270
61.3819	330
1.21828	30
703.712	1470
7.52924	30
11.6403	90
0.444789	60
2.03745	60
23.9627	90
12.6662	30
3.40424	60
6.35397	60
20.8817	90
20.8367	150
8.47667	30
1.65614	90
10.3761	30
8.26939	90
4.24664	120
19.5759	60
2.31859	60
33.6981	150
26.9303	390
26.2431	180
17.1679	60
14.5517	360
58.0663	630
72.7656	630
3.9346	180
28.3509	60
17.8397	90
7.9573	30
6.89977	390
45.7654	450
50.7273	120
3.69043	30
3.8249	30
8.97139	60
3.19898	30
10.6557	60
14.141	120
7.68246	30
10.9672	270
1.00244	210
5.28277	120
3.12304	60
3.70526	30
12.3162	90
71.5484	330
55.346	240
6.93473	150
10.4025	600
8.57091	30
6.67564	90
27.8844	90
38.4978	90
13.5653	30
26.6412	240
23.8964	90
3.77667	90
4.54748	90
7.51742	30
5.81416	30
8.96444	30
10.2152	120
10.0054	30
11.9752	30
12.1015	510
9.63827	30
3.57602	330
8.75288	60
11.6741	30
12.1865	30
3.35771	90
5.97975	210
4.49904	30
7.48282	30
14.5148	90
10.514	30
11.4098	30
11.8526	90
12.5653	30
13.3035	30
3.97735	90
8.28236	30
1.27115	120
9.98773	240
12.1428	300
8.51069	30
15.88	60
21.4233	270
19.0778	150
2.1064	120
6.7635	30
6.98635	30
4.61296	30
6.35934	30
14.9992	60
10.8619	90
10.2211	60
28.8076	150
16.1464	30
4.3585	30
7.90526	30
17.325	30
18.0431	210
10.6024	30
1.63816	330
10.225	30
10.8971	30
10.1833	90
16.9903	180
31.4755	120
12.641	30
9.78918	300
14.0552	60
10.9413	120
7.80201	120
10.5366	30
10.8309	240
6.50482	150
8.71739	30
3.75541	60
7.52375	60
5.65261	90
3.25301	30
9.99377	120
6.76825	30
6.03926	30
12.9138	90
22.6897	90
5.89608	180
3.8877	120
28.551	150
14.4223	360
3.93971	30
5.46114	30
5.84408	30
4.87753	30
6.12859	30
14.9813	150
9.89375	30
5.65432	30
5.82402	30
4.33199	30
16.3067	60
11.5096	30
8.52207	30
3.33656	30
388.213	780
6.60971	360
12.8739	30
11.4069	30
18.422	300
55.9845	510
48.523	1260
14.5952	360
61.3144	510
10.6832	240
8054.86	6030
145.734	420
20.8904	210
40.4913	90
21.0787	660
36.0787	1200
28.0093	300
17.7377	810
11.3983	60
76.1225	660
156.852	870
43.9866	870
21.0442	330
22.2968	60
56.7752	330
22.7874	1830
22.6911	270
193.144	570
50.5245	90
172.941	180
31.4316	30
23.7334	30
8019.79	4440
0.415933	30
30.8352	30
7382.07	6060
104.263	120
2.30093	30
105.737	90
29.5666	90
211.687	720
56.8157	180
45.5466	150
118.257	420
902.028	750
347.847	540
496.347	450
269.469	510
51.0547	90
51.0002	360
36.4351	330
15.5795	570
28.7821	450
3.35932	90
58.9754	2010
8.98259	60
1054.47	780
56.2203	990
39.9067	810
44.2095	1350
100.22	570
858.873	660
834.615	600
68.5794	90
840.127	360
228.535	690
7.3526	450
4.35914	360
6.69873	390
10.5048	390
13.8239	540
6.63382	150
9.70376	390
4.8461	540
8.80684	690
26.8638	120
17.6124	1860
25.2444	930
14.7443	30
14.7437	30
46.6228	1110
7.52613	990
433.291	780
11.4262	1590
16.5027	1680
12.8047	240
7.84016	90
27.6181	600
36.006	30
19.1395	600
23.4913	150
30.0862	450
9.8161	30
4.1756	180
6.4309	30
11.3615	180
10.0977	30
20.4507	30
21.3266	420
17.1746	90
8.21377	90
6.41261	30
3.73948	30
983.952	420
23.6927	60
969.132	330
606.163	420
22.8281	120
27.2221	240
21.6069	360
37.8265	1350
25.8947	150
12.3465	30
11.0391	30
507.381	1770
493.172	690
4.94743	210
40.3551	1320
12.4842	30
12.7686	30
5.53415	270
1213.38	2340
12.7573	30
11.7698	30
9.47086	30
41.6986	90
13.1167	30
23.2728	300
16.2117	60
7.63306	30
53.1467	120
13.5813	30
26.014	180
6.39642	30
3.70312	60
4.38229	120
13.3299	30
14.9139	30
24.9365	210
9.36236	30
10.4803	30
15.7618	30
69.4971	90
76.4393	600
41.7325	120
37.5496	330
4.18759	90
1.28805	30
12.6248	120
14.9777	30
15.428	120
7.63296	30
4.66458	30
1.12032	120
6.68431	120
3.29025	60
11.5294	30
10.3011	90
26.5821	60
11.9259	30
12.29	30
11.2815	30
0.702829	30
15.7585	30
17.0479	30
13.697	180
10.3937	30
11.1679	360
12.6235	30
10.4265	30
12.2605	30
9.46175	30
8.78879	90
4.96694	30
32.7298	120
7.42457	90
3.67263	30
5.45035	30
6.25432	30
7.72761	30
9.28502	30
604.256	450
7.69574	30
8.04586	30
19.3654	90
344.348	300
4.57593	30
4.96227	90
749.061	270
607.517	240
7.33283	30
9.70466	30
10.8143	90
2.14452	30
7.14537	30
12.93	150
4.21768	30
11.9676	60
2.95877	120
1.70498	60
19.6585	90
12.871	120
11.105	30
17.1484	120
19.8948	210
14.3438	120
338.593	180
10.4772	30
5.89247	30
10.4884	30
6.16502	30
10.0172	30
366.566	330
997.792	300
7.80559	30
213.663	210
18.1357	60
4.00498	30
2.2457	30
15.0177	60
1159.19	360
3.69268	90
282.61	60
7.20571	30
4.13742	30
61.3975	120
977.946	420
6.67332	30
2.20607	30
2.41492	30
8.20261	30
10.6346	30
933.241	330
589.424	420
174.007	270
680.554	720
7.86697	30
1.22386	30
4.44855	30
12.6556	150
23.5545	180
10.5353	420
11.512	90
15.9491	30
9.53164	120
13.4549	30
2.84855	60
28.399	120
7.89769	30
17.8387	90
3.20241	30
3.99024	240
12.3209	30
2.47546	30
7.37426	90
9.79889	30
8.02246	30
22.3438	90
21.3399	60
11.7646	150
13.8619	90
3.71074	60
13.2186	240
7.54299	30
26.928	120
24.587	150
3.89447	60
9.87677	90
4.74845	60
11.2414	270
5.9214	240
891.059	540
192.706	630
3.09796	30
3.54938	120
14.3942	390
9.89317	240
5.18954	150
10.6098	30
6.59285	270
4.97909	180
5.61694	30
11.3184	30
2.67738	30
10.0188	30
515.04	2190
51.0189	1320
103.603	150
35.519	150
24.5659	90
14.0794	330
6.79683	30
12.354	30
11.0099	150
23.7295	210
56.565	90
85.4933	150
16.6174	660
12.8766	270
17.4555	90
7.02319	150
10.162	120
4.87503	120
5.73087	150
6.85799	60
0.707532	30
4.25681	30
7.7224	90
4.05441	30
11.1869	60
6.20466	30
10.9091	30
23.0908	30
19.4242	390
1.39278	30
5.17638	30
28.4836	60
17.2618	30
7.4985	270
5.54482	90
7.49385	150
7.56256	60
8.99334	30
4.88775	30
16.0773	30
5.98773	30
7.72776	30
12.085	210
6.57288	30
10.2263	120
11.4689	120
11.3371	30
9.53249	30
8.77319	30
7.938	30
73.5759	1440
12.6961	30
27.1252	300
12.3173	30
413.473	1560
2.52374	30
8.90613	30
442.417	1020
309.007	390
126.723	270
96.4556	120
0.664702	60
1973.48	1830
8.722	570
39.9796	630
56.6089	420
3.91318	1050
17.2476	60
45.8012	510
10.7904	30
10.9964	240
4.27571	90
4.83322	120
12.6585	30
9.77418	30
7.30576	120
13.274	510
53.0568	600
12.0748	210
8.17083	30
18.7857	120
35.1908	90
27.1736	30
23.3093	150
12.1328	30
5.47537	30
11.9312	30
12.3209	30
13.7764	150
10.4912	30
1981.96	900
7.53636	180
2.15017	90
4.65489	240
3.91849	60
8.72556	90
4.57391	30
8.16578	30
6.61508	30
62.4765	420
16.0976	210
17.9596	60
1.16586	90
7.94776	30
7.73737	150
6.04654	30
6.30002	30
9.24297	30
8.70684	60
22.8065	1260
32.3753	1770
4.70726	660
5.85813	150
13.5264	150
3.8098	60
3.79487	60
5.01042	60
11.937	90
1.93028	360
4.97942	30
12.4382	210
5.81244	180
5.70516	30
13.7129	30
2.2592	150
16.1786	120
4.95187	30
11.2537	30
6.04053	180
9.50429	30
8.49095	30
2.4057	270
11.8203	30
7.58584	60
1.82297	60
6.211	30
1.93912	30
5.50546	30
1.24011	150
8.3901	330
10.7869	30
2.76942	30
5.01078	90
10.1177	30
4.30882	150
9.72506	60
16.7694	60
5.24876	120
13.57	30
15.3206	870
23.6518	840
23.2514	570
18.0334	420
16.3685	690
3.82864	30
7.40433	150
4.65138	30
18.1212	60
18.3508	120
23.5294	360
7.81286	120
2.61831	30
12.0016	270
19.5144	300
26.238	210
18.2704	30
3.80583	60
9.49322	120
9.26753	90
7.85325	60
5.90237	690
7.58448	30
5.27812	240
18.0806	1470
4.76411	30
12.3524	90
8.82568	300
11.6632	690
6.76048	150
17.8212	270
6.75284	30
21.7631	240
15.7162	30
20.3944	360
13.3684	180
14.0611	150
9.74457	90
23.5868	150
12.6429	30
34.4997	690
22.0677	2220
27.1787	720
17.9816	750
5.56045	60
22.4493	660
12.3676	30
15.6638	390
30.9439	60
9.38513	390
11.1292	960
4.66801	510
15.8678	60
15.2584	30
17.8639	390
6.93498	270
15.1794	150
5.32365	150
27.6074	1260
28.6497	90
5.86818	210
56.3866	180
72.8466	1980
13.1402	720
9.96214	360
12.0944	240
2.24361	180
11.5314	30
3.72449	330
3.06194	90
6.23467	90
21.9557	120
27.2902	90
0.655934	30
8.23256	30
10.967	420
9.67531	600
24.3108	60
53.1035	660
49.1214	510
9.11199	150
21.0956	330
58.5195	450
8.16244	30
36.8648	690
2.94759	210
20.2293	60
16.0425	120
25.4333	690
13.2693	150
1.54699	30
9.13632	60
5.79724	60
4.43564	150
2.28124	60
6.77923	390
13.3951	150
23.8732	30
19.209	60
516.479	1230
70.6941	480
30.063	930
11.0405	1050
3.73409	60
282.545	1050
206.582	240
237.915	1350
105.097	480
56.8095	300
33.1249	60
3.69877	270
2.06604	150
57.7741	690
2.10532	30
31.0744	360
55.7294	780
0.550145	30
48.4277	90
104.484	120
17.1391	330
100.345	210
1.65461	150
2.72624	30
16.7524	90
6.92948	30
12.0937	150
13.8519	300
9.07038	90
11.5969	30
10.1909	30
19.4284	750
12.6846	180
4.7315	780
4.02878	240
1.95423	330
10.44	30
4.38149	30
6.95641	30
15.3778	30
12.0979	120
3.87826	30
6.88665	60
9.87132	90
19.6711	360
10.0226	30
18.9761	870
33.3493	60
17.3904	360
21.7853	660
960.428	2310
49.2055	150
1042.46	1170
100.747	360
126.053	570
23.6465	180
14.86	30
14.86	30
30.9611	30
56.2717	390
246.115	1560
341.717	360
267.779	480
1.63354	30
620.682	1470
6.98431	30
4.11022	30
81.7299	210
36.7443	420
13.1943	30
35.3524	90
38.9309	570
10.0614	1050
3.15472	150
379.368	420
277.059	390
58.3151	510
2.41985	30
63.2002	1080
145.864	1380
786.292	1500
6.87559	1470
10.5062	30
206.316	450
9.04028	30
6.37843	30
8.1742	90
9.34247	60
6.47899	90
3.61278	90
6.43234	90
2.13639	780
4.0786	30
9.5611	30
4.52407	60
8.8683	120
15.5618	30
0.896139	90
1.65103	120
3.65787	30
20.427	60
20.0672	60
6.82191	150
13.2436	30
10.3489	180
12.07	270
12.6509	30
3.99538	120
3.40202	90
7.66909	30
0.891249	30
3.07497	240
7.96667	30
12.2704	30
5.53457	90
8.74633	60
2.38606	150
8.47275	30
9.59693	30
0.893949	180
1.62385	60
3.33225	480
21.2795	90
15.4462	30
4.74978	30
32.1611	240
6.59723	30
26.0026	150
65.5097	390
22.274	120
358.21	300
330.194	300
43.1122	120
388.632	300
548.039	1020
12.1298	30
22.544	780
53.6758	210
6.15652	30
10.1111	30
4.06571	180
25.8605	60
151.397	450
159.809	510
75.0842	1020
16.1194	150
13.2564	390
12.7109	120
10.1458	150
15.3149	30
15.9001	60
21.9594	270
19.0212	30
5.88808	150
17.3182	270
8.64952	810
20.2343	300
11.273	210
3.76008	630
778.111	1710
6.22986	30
33.4787	330
3.31214	60
21.4497	360
13.1391	630
14.181	150
2.30468	30
18.3237	150
25.131	210
8.53387	120
5.16954	60
16.6711	510
14.4805	30
2.80601	570
7.94137	30
5.62479	150
26.7798	150
27.0097	510
30.6436	270
40.5279	480
13.4449	30
7.07552	30
8.16129	30
13.4892	30
8.37853	120
2.3177	60
7.4092	30
10.9793	210
16.2291	30
2.02147	60
7.15592	180
21.27	540
5.61375	60
14.557	210
3.6143	600
7.86041	30
11.8036	330
11.6528	30
10.7052	30
8.77599	60
14.7984	120
26.8807	240
26.7246	60
21.654	1260
5.65807	90
2.02102	60
13.6797	30
7.49476	30
7.86189	30
9.26781	30
0.877699	60
2.39439	90
3.09496	30
1.99954	60
4.16822	30
4.12707	180
2.48744	60
7.66457	30
3.60379	60
3.56936	60
3.39115	30
2.24808	90
5.17069	60
15.0707	30
10.8434	30
4.24696	60
3.79434	210
4.02614	180
7.19661	30
1.929	120
2.42987	150
5.01921	60
4.57948	30
11.134	120
8.83252	30
9.84075	60
1.36985	90
16.9422	120
49.7729	300
29.8904	300
8.37016	150
14.5209	210
11.9314	30
4.41436	630
14.5509	30
7.41966	360
7.23986	30
3.61654	30
7.75782	120
9.45668	60
12.0659	150
11.28	60
4.32312	60
27.8997	1320
13.7927	780
12.5285	510
12.7954	330
18.6189	210
10.2325	90
6.96781	240
6.09653	30
5.83262	60
9.04002	60
8.03907	30
11.9365	630
17.9505	360
8.02754	30
19.6986	60
5.63296	120
18.6245	60
6.91621	60
2.59949	120
21.3013	30
10.2918	60
29.4096	150
8.77262	30
3.96096	1050
3.51282	30
5.06373	30
8.05477	30
3.14157	30
7.18816	30
1.44587	180
4.39365	30
13.5083	30
24.711	30
8.00508	30
4.84083	30
7.89185	30
31.4674	120
24.4966	90
12.8302	60
25.6227	60
4.23145	30
8.76195	150
11.4076	180
0.817707	60
11.5922	270
3.44368	60
7.41284	1260
7.71016	90
13.7575	300
1.6066	30
16.4235	120
0.487627	30
10.7832	60
6.30534	120
12.6837	30
5.0179	30
5.9069	120
572.358	840
10.0106	1110
17.1058	1920
15.8837	360
554.664	1890
4.92272	360
3.78307	60
7.47963	30
4.21966	60
4.02811	90
4.52577	30
7.98612	30
7.38896	30
2.10312	120
4.43904	30
6.82723	240
3.12624	60
15.971	90
18.1356	180
11.2945	150
12.5787	120
9.1089	30
11.2361	30
7.1592	30
13.9232	90
5.50401	30
2.30323	60
9.43551	390
6.97824	60
3.99752	30
5.44736	30
7.28276	30
4.81059	360
8.7069	150
8.19091	30
4.31	120
18.9583	30
8.16154	30
21.8841	90
8.64572	60
7.55505	30
5.26388	60
8.60445	30
9.53164	30
15.1138	180
3.93835	240
899.731	720
461.873	1410
101.973	60
803.076	1020
129.591	750
8.88964	90
20.0081	90
4.76935	30
16.9639	420
13.976	60
12.158	30
6.92237	60
7.07341	30
10.4821	300
13.0406	30
4.97275	30
5.80078	30
6.99642	30
6.03251	120
5.28272	30
3.50308	30
3.95007	30
8.14448	90
1.36075	30
5.01114	30
6.97261	270
4.00225	150
3.82237	150
27.1742	300
40.9947	210
1.79085	60
14.9273	120
14.517	30
9.89165	30
15.3092	120
12.428	30
7.49228	390
10.8528	150
28.4151	30
16.88	270
8.75625	420
4.61726	30
22.7485	180
14.3259	150
10.6848	360
5.02975	1170
3.57311	240
33.5397	60
27.5012	660
18.7127	1470
5.77253	90
7.02774	30
5.49916	150
15.1249	30
9.09086	300
6.2768	150
7.0807	180
12.0508	60
5.6055	120
201.955	630
5.38206	60
3.1554	60
4.39706	30
11.4374	90
12.8459	60
2.30856	30
1.11246	30
3.087	90
3.48887	30
5.43519	90
19.9829	210
14.3174	30
12.8194	60
3.5329	150
4.90405	30
9.17542	30
1.72504	120
6.71095	30
3.05387	30
5.958	30
0.864589	60
1.29727	90
2.57107	30
13.8805	30
11.7239	30
4.76382	210
2.48549	30
7.39741	30
2.89764	60
4.73401	30
3.95847	90
5.68637	30
8.58003	30
2.57105	90
4.12625	270
1.4166	360
6.85862	240
14.0055	90
9.90836	90
6.28917	120
2.3889	120
7.80106	30
2.73679	30
8.17564	30
1.86364	210
10.9153	150
12.7755	30
53.8645	450
42.3352	150
81.8844	570
14.7782	390
21.3608	120
7.21313	510
5.59088	30
4.24469	90
2.63899	150
6.93234	30
1.43388	30
11.2549	30
3.56099	120
979.378	630
1.79608	30
2.05654	30
26.4072	30
4.05435	90
4.60899	120
4.26284	30
4.63673	30
10.8934	30
13.2402	30
14.3168	150
11.8846	30
3.91267	30
4.35419	210
12.6954	150
5.91957	510
10.3358	600
20.6048	420
24.2444	30
6.34651	90
15.9763	60
980.024	600
4.65588	150
5.21332	120
465.552	180
297.996	390
147.955	210
40.4327	90
29.1926	90
33.3297	210
8.29169	90
7.56256	30
20.5671	60
567.865	720
43.6964	30
6.69903	300
39.1004	780
24.6029	600
34.6382	1290
39.9138	90
15.7753	810
7.91449	120
7.66158	360
9.95369	30
10.5884	210
2.07058	330
7.54552	60
3.1806	60
60.0472	420
593.662	1290
6.5113	30
10.5572	30
7.10857	30
7.24917	210
4.84493	30
11.1213	120
14.1571	600
2.59182	90
9.6603	60
1.5013	60
7.12643	30
2.59916	210
50.247	60
13.5028	30
18.5195	390
1.71087	150
14.5363	480
5.16435	60
18.5814	1140
8.08156	150
7.59448	90
14.4694	270
26.7192	150
3.86221	30
12.2441	90
21.7333	150
33.152	570
122.932	750
138.069	240
3.05315	60
3.07548	30
7.09778	30
1.95135	120
3.46918	90
7.7298	240
34.8983	450
23.6121	570
39.4823	120
7.22509	270
2.15182	120
8.10467	30
2.49613	60
2.83626	60
3.11874	120
2.16041	30
723.334	420
17.0775	300
24.2145	1080
26.2884	750
43.126	360
40.4245	150
925.237	630
6.57549	150
16.2533	480
1.20156	30
1253.02	1110
8.1116	330
2.46193	60
4.56987	30
1.80972	30
7.04599	30
6.06025	90
4.73466	90
5.10119	60
2.06646	30
0.130357	30
9.95309	30
5.4023	30
5.13224	30
4.39071	60
6.95306	30
6.45354	30
7.39897	30
8.98921	60
9.71643	150
4.28119	270
7.60903	90
3.77676	60
7.4887	60
7.88197	30
6.65647	30
4.90864	30
9.30688	90
707.864	690
43.4	180
79.1827	90
558.492	420
222.327	360
10.3662	300
7.59686	150
5.0946	210
4.95161	30
16.1438	330
2.75703	30
14.1022	30
4.44429	30
2.73317	30
3.62926	30
6.21923	60
5.3032	30
15.6443	180
15.6508	210
28.5986	120
15.2097	2100
18.0029	450
8.69883	30
20.3352	30
2.1677	90
8.39589	30
11.2952	30
4.13854	90
2.21837	30
4.04595	150
17.247	180
6.58426	30
5.0957	30
6.76128	30
2.77546	30
21.0171	90
15.2045	30
4.05536	30
10.7103	30
7.92757	30
2.04603	60
4.95487	30
2.24332	90
9.71722	30
2.62629	60
17.5267	60
10.0755	150
5.12306	210
0.727698	60
4.96274	120
6.68684	30
2.78583	30
6.12469	30
4.55801	30
3.26216	30
2.38413	60
27.2364	720
38.0292	90
23.0426	60
20.2613	150
3.32904	390
12.5599	210
3.00919	30
1.36037	60
5.08017	30
2.75274	30
18.1223	90
17.9939	30
7.69669	60
5.86167	30
1.85492	60
8.50708	30
14.5542	30
3.0726	270
2.64079	60
2.54449	480
8.05051	330
10.5119	60
10.3329	150
17.1604	330
2.59111	90
13.0801	30
5.39732	270
15.9142	150
4.40582	150
2.73326	30
14.4851	570
4.20743	330
8.21351	30
11.3069	90
13.9067	30
10.9041	30
2.91517	60
5.87075	30
2.56257	60
16.0253	30
10.4511	180
5.31057	60
20.5514	60
15.2248	30
12.6557	150
6.7396	120
10.1074	30
3.46026	30
6.55237	30
8.3907	30
7.07423	120
2.22414	30
35.7721	210
8.77832	540
8.51553	30
37.1934	60
24.6612	240
5.82322	30
7.40151	30
5.59097	120
13.904	60
8.44857	30
6.59038	30
0.90214	240
211.282	1860
36.883	330
6.17922	60
7.91192	30
5.54629	90
7.11641	30
5.54296	120
7.02081	30
7.75447	180
4.47001	90
7.01309	30
6.86231	60
4.60111	30
4.86713	30
1.32593	30
13.865	240
7.31337	120
13.1176	30
14.5896	60
18.0912	120
5.05907	480
5.92812	30
6.00542	30
10.3202	30
6.24607	30
2.63088	120
10.5397	90
8.04238	90
24.1621	90
2.10466	60
3.15409	420
3.14702	30
0.952531	30
38.7439	390
39.1095	150
4.23842	120
11.5608	30
14.0028	30
2.97846	30
1.78783	210
3.97926	60
52.3232	720
11.5431	30
11.7668	30
27.331	1590
30.5758	1380
24.1149	1350
12.7856	30
6.59327	90
2.55046	90
9.56545	420
5.8308	30
17.1479	240
9.02244	90
9.37206	30
6.86415	210
7.31696	30
8.60868	30
4.12145	30
14.4275	510
30.4845	1710
80.3178	390
3563.36	570
3531.58	2640
6.08444	300
6.2701	60
4.60108	30
4.17445	30
5.50273	30
3.08676	30
7.18169	30
10.5356	30
4.70153	90
5.68204	420
23.9837	60
17.802	30
17.597	360
40.2078	90
3.32852	30
13.4327	90
37.5497	270
18.1928	120
7.52839	120
5.16553	180
14.9478	180
2.98298	30
4.07143	60
25.823	150
741.918	930
12.643	120
54.456	1560
26.2202	60
33.2875	60
62.0498	990
14.351	480
309.278	1950
102.32	510
5.32921	30
82.7786	390
149.287	540
48.3343	240
12.8274	180
20.2324	540
31.0275	120
14.4064	30
41.4772	120
5.56872	270
13.3795	210
13.1321	120
15.8216	420
14.1016	240
2.28789	30
15.5881	120
12.4858	330
8.82913	60
2.68364	60
11.0509	30
6.24287	90
6.93058	60
420.869	780
12.495	30
28.9465	1200
11.7956	60
15.5552	60
1.60539	30
5.95387	30
6.94928	210
7.7249	150
13.9823	690
8.30656	30
28.1176	90
65.1798	150
51.6652	420
477.457	2490
110.172	3630
357.874	930
4.55493	30
261.934	300
288.299	240
33.6302	60
242.293	120
255.854	210
1.40568	30
42.9937	210
9.62734	30
7.53353	90
8.70652	30
19.4243	210
20.2391	120
25.161	90
11.568	90
10.4395	60
24.2424	30
18.7507	90
17.5709	120
24.1903	840
15.1377	30
2.29229	660
14.268	30
6.10231	90
18.4875	60
17.2034	60
11.3547	30
13.8416	30
10.1759	150
8.25195	180
5.09385	120
4.70096	60
2.31305	60
3.06074	90
4.22015	30
2.32694	30
153.067	540
471.625	1560
451.493	930
10.9744	30
9.99836	30
24.6579	300
38.9099	210
41.593	180
79.1115	270
5.26131	1320
709.363	1170
693.327	990
16.6946	780
472.87	1050
1284.85	1830
38.0651	90
28.6846	30
6.6215	30
7.52148	30
15.0735	30
12.1764	30
7.95872	60
6.27399	360
16.5429	150
10.7502	60
211.796	1560
28.5423	2220
59.0406	1680
26.0222	540
112.519	120
34.1266	180
66.8962	750
9.19626	180
17.8677	690
655.392	630
0.49657	30
557.13	360
13.7461	30
13.9528	30
17.9011	30
2.97357	30
47.7854	90
4.13144	30
860.926	2460
5.10695	30
25.9392	2670
24.9014	1140
43.5204	1320
70.3703	240
4.48473	1230
36.917	780
16.5385	210
17.9046	60
15.032	150
10.7671	30
18.9552	270
26.1734	120
14.3641	60
16.9932	180
21.6159	90
43.3918	360
51.5002	120
20.2238	120
7.75326	30
18.24	90
10.0951	30
46.8246	120
19.8529	60
11.6707	1140
6.72112	30
4.53196	30
12.6884	30
11.933	60
6.65989	30
11.8048	330
20.4892	120
18.325	300
12.7996	30
3.71735	30
5.23759	90
3.35968	30
4.84866	30
5.98933	30
7.0252	30
7.28329	30
5.64328	30
5.86685	30
7.18225	30
6.51733	30
8.11555	30
5.53138	30
4.42649	30
2.27497	30
3.59687	30
3.72641	30
2.35093	90
1.36049	30
7.11168	180
5.69705	180
4.70529	30
3.84494	30
13.8041	90
15.638	150
5.97537	30
13.8222	120
9.00871	30
2.27973	150
4.75039	30
6.66395	30
8.68588	30
3.11154	30
7.97579	30
8.96099	30
9.74004	30
4.35395	30
4.04095	30
9.18484	30
7.94527	30
5.56666	30
11.7926	60
10.5197	150
2.82283	60
259.564	660
34.4058	420
432.863	1470
349.105	750
40.8339	30
28.7558	2790
11.9318	330
39.5293	210
35.5548	60
17.8272	60
34.85	120
19.0593	120
11.4292	210
22.4068	120
36.733	120
15.7616	60
22.8426	30
34.6127	390
70.9979	600
3.96402	30
88.8723	90
53.2795	120
26.9981	90
3.84775	210
33.7289	420
17.2001	60
10.6054	240
20.1543	30
32.437	30
11.6085	60
7.06004	30
0.669525	120
1.65897	330
7.4382	120
34.0201	60
9.29359	330
2.38172	30
16.5628	30
3.30965	120
7.93387	30
3.76709	30
8.84374	30
9.02826	240
2.2041	30
8.34657	120
10.9647	30
8.78505	180
7.42743	240
177.51	360
1950.22	1410
32.0442	1110
13.6343	30
13.7929	30
78.8022	120
376.785	750
1480.44	690
358.549	1890
7.21345	30
72.8063	390
17.9456	360
6.26241	480
18.3127	210
15.8344	630
46.3832	450
59.6264	90
5.47259	210
55.2293	450
11.8827	30
36.2364	540
26.1725	90
13.049	210
7.1809	120
37.2214	90
23.4543	120
46.6548	210
6.88395	30
30.4695	180
5.47768	150
12.9907	120
13.0005	30
9.24378	180
14.4033	60
546.492	930
826.91	990
7.46389	30
4.67788	120
3.98736	180
3.71867	210
8.50663	30
17.1081	180
2.39405	90
8.4209	30
2.41031	330
9.54164	60
